9120.41073336 10996.5986385 4517.0 9172.54736374 10968.9803154 4518.0 9146.47904855 10982.789477 4517.49544935 9097 11009 9097 11009 59.0 9085.65180247 10978.1857995 -39.3346656182 9164.99510978 10964.979662 -8.54644768242
9172.54736374 10968.9803154 4518.0 9224.68399413 10941.3619923 4519.0 9198.61567894 10955.1711539 4518.4969028 9097 11009 9097 11009 59.0 9164.99510978 10964.979662 -8.54644768242 9240.1168026 10949.5372098 17.4644140454
9224.68399413 10941.3619923 4519.0 9276.82062451 10913.7436692 4520.0 9250.75230932 10927.5528307 4519.51192901 9097 11009 9097 11009 59.0 9240.1168026 10949.5372098 17.4644140454 9284.51892803 10917.8216894 8.71172348085
9276.82062451 10913.7436692 4520.0 9328.9572549 10886.1253461 4521.0 9302.88893971 10899.9345076 4520.4793067 9097 11009 9097 11009 59.0 9284.51892803 10917.8216894 8.71172348085 9323.86069658 10883.4255476 -5.76747938082
9328.9572549 10886.1253461 4521.0 9381.09388528 10858.5070229 4522.0 9355.02557009 10872.3161845 4521.47460407 9097 11009 9097 11009 59.0 9323.86069658 10883.4255476 -5.76747938082 9367.87497734 10851.5045744 -14.9590712482
9381.09388528 10858.5070229 4522.0 9433.23051567 10830.8886998 4523.0 9407.16220048 10844.6978614 4522.51352873 9097 11009 9097 11009 59.0 9367.87497734 10851.5045744 -14.9590712482 9428.78212271 10828.5322538 -5.0339882497
9433.23051567 10830.8886998 4523.0 9485.17089174 10802.9086538 4524.0 9459.2007037 10816.8986768 4523.52005252 9097 11009 9485 10803 59.0 9428.78212271 10828.5322538 -5.0339882497 9456.40763427 10787.5339202 -32.6145276152
9485.17089174 10802.9086538 4524.0 9537.20390632 10775.0956102 4525.0 9511.18739903 10789.002132 4524.49245557 9485 10803 9485 10803 59.0 9456.40763427 10787.5339202 -32.6145276152 9562.46028019 10788.5958203 28.6380881628
9537.20390632 10775.0956102 4525.0 9589.23692089 10747.2825666 4526.0 9563.2204136 10761.1890884 4525.48832108 9485 10803 9485 10803 59.0 9562.46028019 10788.5958203 28.6380881628 9590.19648861 10747.7954813 1.08804950171
9589.23692089 10747.2825666 4526.0 9641.26993547 10719.469523 4527.0 9615.25342818 10733.3760448 4526.50712166 9485 10803 9485 10803 59.0 9590.19648861 10747.7954813 1.08804950171 9647.91041452 10723.0190374 7.52960917352
9641.26993547 10719.469523 4527.0 9693.30295005 10691.6564794 4528.0 9667.28644276 10705.5630012 4527.50781938 9485 10803 9485 10803 59.0 9647.91041452 10723.0190374 7.52960917352 9682.07581286 10685.6552731 -12.7304001016
9693.30295005 10691.6564794 4528.0 9745.33596462 10663.8434358 4529.0 9719.31945733 10677.7499576 4528.50427219 9485 10803 9485 10803 59.0 9682.07581286 10685.6552731 -12.7304001016 9713.0017666 10646.5599386 -36.6636009635
9745.33596462 10663.8434358 4529.0 9797.3689792 10636.0303922 4530.0 9771.35247191 10649.936914 4529.46513915 9485 10803 9485 10803 59.0 9713.0017666 10646.5599386 -36.6636009635 9820.2791719 10648.2765054 25.9777639306
9797.3689792 10636.0303922 4530.0 9849.40199377 10608.2173486 4531.0 9823.38548649 10622.1238704 4530.49779094 9485 10803 9485 10803 59.0 9820.2791719 10648.2765054 25.9777639306 9857.43579674 10612.511632 9.10949286796
9849.40199377 10608.2173486 4531.0 9901.3759009 10580.2942995 4532.0 9875.38894734 10594.2558241 4531.50293897 9485 10803 9876 10594 59.0 9857.43579674 10612.511632 9.10949286796 9923.89393635 10592.456447 25.5925722033
9901.3759009 10580.2942995 4532.0 9953.28799793 10552.256215 4533.0 9927.33194941 10566.2752573 4532.50495991 9876 10594 9876 10594 59.0 9923.89393635 10592.456447 25.5925722033 9927.76998815 10538.4737605 -29.002152928
9953.28799793 10552.256215 4533.0 10005.200095 10524.2181305 4534.0 9979.24404644 10538.2371728 4533.49514838 9876 10594 9876 10594 59.0 9927.76998815 10538.4737605 -29.002152928 9998.29087814 10520.4864145 -7.85257802814
10005.200095 10524.2181305 4534.0 10057.112192 10496.180046 4535.0 10031.1561435 10510.1990883 4534.51654486 9876 10594 9876 10594 59.0 9998.29087814 10520.4864145 -7.85257802814 10058.0143716 10496.6673195 1.02536022799
10083.5195228 10481.9707565 4539.0 10135.4881622 10454.0376128 4540.0 10109.5038425 10468.0041847 4539.50594753 10063 10493 10063 10493 59.00000000000001 10117.3129339 10500.134715 38.3656620729 10120.711034 10446.0949064 -16.7764746376
10135.4881622 10454.0376128 4540.0 10187.4568016 10426.1044691 4541.0 10161.4724819 10440.071041 4540.47497797 10063 10493 10063 10493 59.00000000000001 10120.711034 10446.0949064 -16.7764746376 10161.6547814 10412.2358833 -29.2930353198
10187.4568016 10426.1044691 4541.0 10239.425441 10398.1713254 4542.0 10213.4411213 10412.1378973 4541.47673813 10063 10493 10063 10493 59.00000000000001 10161.6547814 10412.2358833 -29.2930353198 10216.4140328 10385.8026935 -26.1248534083
10239.425441 10398.1713254 4542.0 10291.3940805 10370.2381818 4543.0 10265.4097607 10384.2047536 4542.50844311 10063 10493 10063 10493 59.00000000000001 10216.4140328 10385.8026935 -26.1248534083 10294.0313197 10371.6556979 2.99405791464
10291.3940805 10370.2381818 4543.0 10343.4600482 10342.4870963 4544.0 10317.4270644 10356.362639 4543.47705025 10063 10493 10303 10364 59.0 10294.0313197 10371.6556979 2.99405791464 10339.6774339 10340.4758526 -4.28407200259
10343.4600482 10342.4870963 4544.0 10395.5540019 10314.78836 4545.0 10369.5070251 10328.6377281 4544.49163271 10303 10364 10303 10364 59.0 10339.6774339 10340.4758526 -4.28407200259 10411.3877694 10323.20729 17.9328351197
10395.5540019 10314.78836 4545.0 10447.6479555 10287.0896236 4546.0 10421.6009787 10300.9389918 4545.47590998 10303 10364 10303 10364 59.0 10411.3877694 10323.20729 17.9328351197 10437.9934526 10281.9562538 -10.934391333
10447.6479555 10287.0896236 4546.0 10499.7419092 10259.3908873 4547.0 10473.6949323 10273.2402555 4546.44352962 10303 10364 10303 10364 59.0 10437.9934526 10281.9562538 -10.934391333 10502.2870587 10260.744162 2.88255763172
10499.7419092 10259.3908873 4547.0 10551.8063016 10231.6366391 4548.0 10525.7741054 10245.5137632 4547.50745316 10303 10364 10508 10255 59.0 10502.2870587 10260.744162 2.88255763172 10584.0972431 10248.8584746 36.5964003012
10551.8063016 10231.6366391 4548.0 10603.8651252 10203.8719332 4549.0 10577.8357134 10217.7542862 4548.49663869 10508 10255 10508 10255 59.0 10584.0972431 10248.8584746 36.5964003012 10630.3231532 10217.9828815 29.985765133
10603.8651252 10203.8719332 4549.0 10655.9239487 10176.1072274 4550.0 10629.8945369 10189.9895803 4549.48211336 10508 10255 10508 10255 59.0 10630.3231532 10217.9828815 29.985765133 10679.8718236 10188.8794273 27.1409248741
9491.1876862 8455.14369999 4691.0 9521.02513668 8506.04288022 4692.0 9506.10641144 8480.59329011 4691.50610587 9470 8419 9470 8419 59.0 9481.60415328 8471.49207968 18.9502934488 9515.38151236 8515.67023937 11.1595940615
