4598.84335274 18642.9400392 1.0 4540.68670548 18652.8800784 2.0 4569.76502911 18647.9100588 1.49376960227 4657 18633 4657 18633 58.99999999999999 4586.23867593 18645.09441 -12.787462259 4516.07068517 18657.0874084 -24.9729870344
4540.68670548 18652.8800784 2.0 4482.53005822 18662.8201176 3.0 4511.60838185 18657.850098 2.51618122961 4657 18633 4657 18633 58.99999999999999 4516.07068517 18657.0874084 -24.9729870344 4460.55999761 18666.5752045 -22.2886572189
4482.53005822 18662.8201176 3.0 4424.37341095 18672.7601568 4.0 4453.45173458 18667.7901372 3.50189412264 4657 18633 4657 18633 58.99999999999999 4460.55999761 18666.5752045 -22.2886572189 4410.89257548 18675.0642792 -13.6763264436
4424.37341095 18672.7601568 4.0 4366.21676369 18682.700196 5.0 4395.29508732 18677.7301764 4.49038717284 4657 18633 4657 18633 58.99999999999999 4410.89257548 18675.0642792 -13.6763264436 4354.87569068 18684.6385937 -11.5055344373
4366.21676369 18682.700196 5.0 4308.06011643 18692.6402352 6.0 4337.13844006 18687.6702156 5.49166123819 4657 18633 4657 18633 58.99999999999999 4354.87569068 18684.6385937 -11.5055344373 4288.47492699 18695.9877038 -19.8692020833
4265.0 18625.6845484 8.0 4265.0 18566.6845484 9.0 4265.0 18596.1845484 8.50338088706 4265 18629 4265 18629 59.0 4250.48092774 18625.6845484 -14.5190722586 4245.0330851 18566.6845484 -19.9669148952
4265.0 18566.6845484 9.0 4265.0 18507.6845484 10.0 4265.0 18537.1845484 9.45851805582 4265 18629 4265 18516 59.0 4245.0330851 18566.6845484 -19.9669148952 4249.19401638 18507.6845484 -15.8059836213
4265.0 18507.6845484 10.0 4265.0 18448.6845484 11.0 4265.0 18478.1845484 10.4940618004 4265 18516 4265 18474 59.0 4249.19401638 18507.6845484 -15.8059836213 4245.00499282 18448.6845484 -19.9950071809
4265.0 18448.6845484 11.0 4265.0 18389.6845484 12.0 4265.0 18419.1845484 11.4695710742 4265 18474 4265 18474 59.0 4245.00499282 18448.6845484 -19.9950071809 4241.49821709 18389.6845484 -23.501782912
4265.0 18389.6845484 12.0 4265.0 18330.6845484 13.0 4265.0 18360.1845484 12.4654867849 4265 18474 4265 18474 59.0 4241.49821709 18389.6845484 -23.501782912 4246.90644595 18330.6845484 -18.0935540539
4265.0 18330.6845484 13.0 4265.59955248 18271.7061907 14.0 4265.29977624 18301.1953695 13.5140593348 4265 18474 4265 18280 59.0 4246.90644595 18330.6845484 -18.0935540539 4264.5635184 18257.3743859 -14.3692030547
4265.59955248 18271.7061907 14.0 4269.8535122 18212.8597479 15.0 4267.72653234 18242.2829693 14.4905073981 4265 18280 4265 18280 59.0 4264.5635184 18257.3743859 -14.3692030547 4268.42064352 18193.0383978 -19.8730730684
4269.8535122 18212.8597479 15.0 4274.10747192 18154.0133051 16.0 4271.98049206 18183.4365265 15.5155473537 4265 18280 4265 18280 59.0 4268.42064352 18193.0383978 -19.8730730684 4272.55394575 18132.5228598 -21.5465237017
4274.10747192 18154.0133051 16.0 4273.23824319 18095.4962232 17.0 4273.67285755 18124.7547642 16.5016862257 4265 18280 4277 18114 59.0 4272.55394575 18132.5228598 -21.5465237017 4277.91528192 18118.5021975 -23.4765743834
4273.23824319 18095.4962232 17.0 4261.48417376 18037.6789088 18.0 4267.36120847 18066.587566 17.4949209325 4277 18114 4277 18114 59.0 4277.91528192 18118.5021975 -23.4765743834 4264.50189542 18052.5228369 -15.1475690159
4261.48417376 18037.6789088 18.0 4249.73010434 17979.8615943 19.0 4255.60713905 18008.7702515 18.5032784172 4277 18114 4277 18114 59.0 4264.50189542 18052.5228369 -15.1475690159 4253.86727343 18000.2119936 -20.7666781255
15526.6387623 13734.0487959 138.0 15573.4806178 13698.1762357 139.0 15550.0596901 13716.1125158 138.497124404 15481 13769 15481 13769 59.0 15512.0416771 13722.8700155 -18.3858649906 15563.2837037 13690.3672066 -12.8435973125
15573.4806178 13698.1762357 139.0 15620.3224733 13662.3036755 140.0 15596.9015455 13680.2399556 139.504827621 15481 13769 15481 13769 59.0 15563.2837037 13690.3672066 -12.8435973125 15607.2797054 13652.3152268 -16.4281131432
15545.3162891 13719.7451204 142.0 15498.4744336 13755.6176806 143.0 15521.8953613 13737.6814005 142.497248743 15639 13648 15639 13648 59.0 15527.166518 13733.6446286 -22.8606761761 15488.9488348 13762.9126012 -11.9980372563
14794.8209913 13053.6662224 156.0 14751.5861753 13093.8128372 157.0 14773.2035833 13073.7395298 156.505129918 14816 13034 14816 13034 59.0 14785.375223 13062.4372929 -12.8900821068 14736.2239878 13108.0777256 -20.9638700397
14751.5861753 13093.8128372 157.0 14708.3513593 13133.9594521 158.0 14729.9687673 13113.8861447 157.501799253 14816 13034 14816 13034 59.0 14736.2239878 13108.0777256 -20.9638700397 14691.1239461 13149.9563357 -23.5092333222
14708.3513593 13133.9594521 158.0 14665.1165433 13174.1060669 159.0 14686.7339513 13154.0327595 158.493567735 14816 13034 14816 13034 59.0 14691.1239461 13149.9563357 -23.5092333222 14657.6040996 13181.0819075 -10.2517882425
14713.2703891 13258.5339086 161.0 14753.9600443 13301.2580465 162.0 14733.6152167 13279.8959776 161.504574924 14648 13190 14648 13190 59.0 14730.0607938 13240.9039838 -24.3460866836 14764.400222 13290.29586 -15.1382575699
14753.9600443 13301.2580465 162.0 14794.6496995 13343.9821845 163.0 14774.3048719 13322.6201155 162.516922922 14648 13190 14648 13190 59.0 14764.400222 13290.29586 -15.1382575699 14802.0241398 13336.2390221 -10.6929384698
14726.6206897 13272.5517241 165.0 14685.9310345 13229.8275862 166.0 14706.2758621 13251.1896552 165.508356575 14808 13358 14808 13358 59.0 14733.9980577 13280.2979606 -10.6971837346 14701.6757147 13246.3595005 -22.8297863637
14601.2212976 13232.1989693 169.0 14557.4126716 13271.7186389 170.0 14579.3169846 13251.9588041 169.519810409 14648 13190 14648 13190 59.0 14583.9101417 13247.8153267 -23.3140888453 14539.2885157 13288.0684019 -24.4090101565
14557.4126716 13271.7186389 170.0 14513.6040456 13311.2383085 171.0 14535.5083586 13291.4784737 170.505820732 14648 13190 14648 13190 59.0 14539.2885157 13288.0684019 -24.4090101565 14500.2169264 13323.3148007 -18.0293268152
14408.8207003 13273.6971473 173.0 14354.3131985 13251.1154679 174.0 14381.5669494 13262.4063076 173.514244948 14453 13292 14453 13292 59.0 14428.130363 13281.6968647 -20.9011615084 14373.4059132 13259.0253069 -20.6663326577
8729.24265401 18031.9781984 264.0 8730.83666653 18090.9566617 265.0 8730.03966027 18061.46743 264.515990217 8728 17986 8728 17986 59.0 8729.66869163 18016.2148067 -15.7691479742 8731.31174473 18073.3787683 -17.5843122085
8730.83666653 18090.9566617 265.0 8732.43067905 18149.9351249 266.0 8731.63367279 18120.4458933 265.496789637 8728 17986 8728 17986 59.0 8731.31174473 18073.3787683 -17.5843122085 8733.01249823 18128.4078151 -21.5351707292
8732.43067905 18149.9351249 266.0 8727.15717376 18208.4746786 267.0 8729.79392641 18179.2049017 266.501631136 8728 17986 8733 18171 59.0 8733.01249823 18128.4078151 -21.5351707292 8723.72837798 18230.4662654 -22.2572803801
8727.15717376 18208.4746786 267.0 8718.06806009 18266.7703732 268.0 8722.61261693 18237.6225259 267.505501011 8733 18171 8733 18171 59.0 8723.72837798 18230.4662654 -22.2572803801 8714.98851294 18286.5219515 -19.9902089252
8718.06806009 18266.7703732 268.0 8708.97894641 18325.0660679 269.0 8713.52350325 18295.9182206 268.492615013 8733 18171 8733 18171 59.0 8714.98851294 18286.5219515 -19.9902089252 8705.21181749 18349.2276533 -24.4534961257
8619.51370178 18342.7461767 271.0 8561.33586833 18332.930898 272.0 8590.42478505 18337.8385374 271.453884592 8704 18357 8704 18357 59.0 8637.98990386 18345.8633273 -18.7373069508 8579.14576595 18335.9356354 -18.0615863067
8561.33586833 18332.930898 272.0 8503.15803488 18323.1156194 273.0 8532.2469516 18328.0232587 272.476590011 8704 18357 8704 18357 59.0 8579.14576595 18335.9356354 -18.0615863067 8519.99747763 18325.9566297 -17.0774170079
8503.15803488 18323.1156194 273.0 8444.98020143 18313.3003407 274.0 8474.06911815 18318.2079801 273.511802359 8704 18357 8704 18357 59.0 8519.99747763 18325.9566297 -17.0774170079 8469.21877662 18317.3896709 -24.5811136581
8444.98020143 18313.3003407 274.0 8386.80236797 18303.4850621 275.0 8415.8912847 18308.3927014 274.483349986 8704 18357 8704 18357 59.0 8469.21877662 18317.3896709 -24.5811136581 8398.82036137 18305.5126377 -12.1878311384
8278.44206143 18345.8553833 277.0 8219.93763717 18353.4863952 278.0 8249.1898493 18349.6708892 277.497155991 8285 18345 8285 18345 59.0 8263.58329639 18347.7934831 -14.9846297639 8197.1267445 18356.461729 -23.0041178036
8055.44148694 18381.8950615 282.0 8009.67449789 18419.1292221 283.0 8032.55799242 18400.5121418 282.513382548 8059 18379 8059 18379 59.0 8041.44344331 18393.2833004 -18.04542076 7997.853566 18428.7462514 -15.2388216146
8009.67449789 18419.1292221 283.0 7966.05592541 18458.8225699 284.0 7987.86521165 18438.975896 283.513415455 8059 18379 8000 18427 59.0 7997.853566 18428.7462514 -15.2388216146 7954.37997269 18469.7687756 -16.0046021708
