9905.52978867 12423.6291479 35.0 9857.97954017 12458.5501096 36.0 9881.75466442 12441.0896288 35.4960911294 9935 12403 9895 12431 59.0 9892.53570006 12432.72501 -15.8613065357 9847.85291557 12466.0862024 -12.6230431864
9774.6411309 12536.9106962 38.0 9724.01951243 12567.2163624 39.0 9749.33032166 12552.0635293 38.4739438651 9828 12505 9726 12566 59.0 9756.93532175 12547.4994644 -20.6305038725 9716.63276369 12571.7531058 -8.66868484041
9724.01951243 12567.2163624 39.0 9673.74450722 12598.0939247 40.0 9698.88200983 12582.6551436 39.4702504256 9726 12566 9726 12566 59.0 9716.63276369 12571.7531058 -8.66868484041 9664.26696665 12603.9147764 -11.1223239305
9673.74450722 12598.0939247 40.0 9623.46950201 12628.971487 41.0 9648.60700461 12613.5327058 40.5194236797 9726 12566 9726 12566 59.0 9664.26696665 12603.9147764 -11.1223239305 9600.76588857 12642.9154385 -26.6437206087
9623.46950201 12628.971487 41.0 9573.11084721 12659.7120376 42.0 9598.29017461 12644.3417623 41.5194095454 9726 12566 9599 12644 59.0 9600.76588857 12642.9154385 -26.6437206087 9557.97995674 12668.8949228 -17.699413205
9573.11084721 12659.7120376 42.0 9522.67287352 12690.3226699 43.0 9547.89186036 12675.0173537 42.483626757 9599 12644 9599 12644 59.0 9557.97995674 12668.8949228 -17.699413205 9512.60857401 12696.4306585 -11.7727503217
9522.67287352 12690.3226699 43.0 9472.23489983 12720.9333022 44.0 9497.45388667 12705.627986 43.4927827793 9599 12644 9599 12644 59.0 9512.60857401 12696.4306585 -11.7727503217 9455.15034114 12731.3018619 -19.9847235912
9472.23489983 12720.9333022 44.0 9421.74770127 12751.4625941 45.0 9446.99130055 12736.1979481 44.5316695316 9599 12644 9454 12732 59.0 9455.15034114 12731.3018619 -19.9847235912 9414.36888622 12755.9153273 -8.61822166269
9421.74770127 12751.4625941 45.0 9371.23262927 12781.9458272 46.0 9396.49016527 12766.7042106 45.49324172 9454 12732 9454 12732 59.0 9414.36888622 12755.9153273 -8.61822166269 9348.34899695 12795.7549156 -26.7273558802
9371.23262927 12781.9458272 46.0 9320.71755726 12812.4290603 47.0 9345.97509327 12797.1874437 46.5068466714 9454 12732 9454 12732 59.0 9348.34899695 12795.7549156 -26.7273558802 9306.9380502 12820.7442801 -16.0940266899
9320.71755726 12812.4290603 47.0 9270.25431539 12842.9973444 48.0 9295.48593633 12827.7132023 47.4979060482 9454 12732 9280 12837 59.0 9306.9380502 12820.7442801 -16.0940266899 9259.55168819 12849.5835765 -12.5668087731
9270.25431539 12842.9973444 48.0 9220.00647471 12873.9190925 49.0 9245.13039505 12858.4582184 48.5256155606 9280 12837 9280 12837 59.0 9259.55168819 12849.5835765 -12.5668087731 9211.38003435 12879.2276712 -10.1289920972
9220.00647471 12873.9190925 49.0 9169.75863402 12904.8408406 50.0 9194.88255436 12889.3799665 49.5226237206 9280 12837 9280 12837 59.0 9211.38003435 12879.2276712 -10.1289920972 9152.93022074 12915.1967872 -19.7595831015
9169.75863402 12904.8408406 50.0 9119.51079334 12935.7625887 51.0 9144.63471368 12920.3017147 50.4886944316 9280 12837 9280 12837 59.0 9152.93022074 12915.1967872 -19.7595831015 9098.68875323 12948.5761519 -24.4488190882
9119.51079334 12935.7625887 51.0 9069.26295265 12966.6843368 52.0 9094.38687299 12951.2234628 51.4770683838 9280 12837 9280 12837 59.0 9098.68875323 12948.5761519 -24.4488190882 9048.00224334 12979.7678503 -24.9638956116
9069.26295265 12966.6843368 52.0 9019.01511196 12997.6060849 53.0 9044.13903231 12982.1452109 52.5287380579 9280 12837 9280 12837 59.0 9048.00224334 12979.7678503 -24.9638956116 9006.4230209 13005.3550641 -14.7853790841
9019.01511196 12997.6060849 53.0 8968.74617034 13028.4935095 54.0 8993.88064115 13013.0497972 53.4754588534 9280 12837 9007 13005 59.0 9006.4230209 13005.3550641 -14.7853790841 8963.90072275 13031.469331 -5.6862884226
8968.74617034 13028.4935095 54.0 8918.47059748 13059.3701475 55.0 8943.60838391 13043.9318285 54.5077775972 9007 13005 9007 13005 59.0 8963.90072275 13031.469331 -5.6862884226 8909.52560677 13064.8636949 -10.4972339858
8918.47059748 13059.3701475 55.0 8868.19502462 13090.2467855 56.0 8893.33281105 13074.8084665 55.4921364479 9007 13005 9007 13005 59.0 8909.52560677 13064.8636949 -10.4972339858 8843.11690445 13105.6484606 -29.4299797334
8868.19502462 13090.2467855 56.0 8817.91945177 13121.1234235 57.0 8843.05723819 13105.6851045 56.4853541646 9007 13005 9007 13005 59.0 8843.11690445 13105.6484606 -29.4299797334 8807.25338522 13127.673966 -12.5169717651
8817.91945177 13121.1234235 57.0 8767.64387891 13152.0000615 58.0 8792.78166534 13136.5617425 57.4904338023 9007 13005 9007 13005 59.0 8807.25338522 13127.673966 -12.5169717651 8757.95213581 13157.9522253 -11.3735718965
8767.64387891 13152.0000615 58.0 8717.36830605 13182.8766995 59.0 8742.50609248 13167.4383805 58.4711700843 9007 13005 9007 13005 59.0 8757.95213581 13157.9522253 -11.3735718965 8698.13650535 13194.6878697 -22.5691359985
8717.36830605 13182.8766995 59.0 8667.03316422 13213.6559761 60.0 8692.20073514 13198.2663378 59.502527846 9007 13005 8696 13196 59.0 8698.13650535 13194.6878697 -22.5691359985 8649.51120058 13224.3360301 -20.5203012661
8667.03316422 13213.6559761 60.0 8616.65398891 13244.363283 61.0 8641.84357657 13229.0096295 60.5236341921 8696 13196 8696 13196 59.0 8649.51120058 13224.3360301 -20.5203012661 8592.22485824 13259.2534197 -28.6094145119
8616.65398891 13244.363283 61.0 8566.27481359 13275.0705898 62.0 8591.46440125 13259.7169364 61.491819449 8696 13196 8696 13196 59.0 8592.22485824 13259.2534197 -28.6094145119 8549.39234255 13285.3608579 -19.7713794544
8566.27481359 13275.0705898 62.0 8515.89563828 13305.7778967 63.0 8541.08522594 13290.4242432 62.4713460129 8696 13196 8696 13196 59.0 8549.39234255 13285.3608579 -19.7713794544 8492.14115907 13320.2568173 -27.8193174916
8515.89563828 13305.7778967 63.0 8465.55218294 13336.5436189 64.0 8490.72391061 13321.1607578 63.5157543735 8696 13196 8486 13324 58.99999999999999 8492.14115907 13320.2568173 -27.8193174916 8460.85321703 13339.4261778 -5.51266057026
8465.55218294 13336.5436189 64.0 8415.26086077 13367.394598 65.0 8440.40652186 13351.9691084 64.5357463649 8486 13324 8486 13324 58.99999999999999 8460.85321703 13339.4261778 -5.51266057026 8409.66456998 13370.8276167 -6.56537037407
8415.26086077 13367.394598 65.0 8364.9695386 13398.2455772 66.0 8390.11519969 13382.8200876 65.4857207445 8486 13324 8486 13324 58.99999999999999 8409.66456998 13370.8276167 -6.56537037407 8341.70553499 13412.5167727 -27.2925060182
8364.9695386 13398.2455772 66.0 8314.67821643 13429.0965563 67.0 8339.82387752 13413.6710667 66.4955774299 8486 13324 8486 13324 58.99999999999999 8341.70553499 13412.5167727 -27.2925060182 8303.92625172 13435.6922994 -12.6138246227
8314.67821643 13429.0965563 67.0 8264.38689426 13459.9475355 68.0 8289.53255535 13444.5220459 67.4792411684 8486 13324 8486 13324 58.99999999999999 8303.92625172 13435.6922994 -12.6138246227 8248.33567298 13469.794083 -18.8307249526
8300.83573885 13553.4564511 70.0 8332.39527911 13603.3061795 71.0 8316.61550898 13578.3813153 70.4852903384 8248 13470 8248 13470 59.0 8305.23302366 13546.5107399 -8.22064585895 8346.66579905 13580.7652446 -26.6784835754
8332.39527911 13603.3061795 71.0 8356.30954691 13657.1532806 72.0 8344.35241301 13630.22973 71.4930232569 8248 13470 8336 13609 58.99999999999999 8346.66579905 13580.7652446 -26.6784835754 8366.61040984 13632.7302669 -26.5064402789
8356.30954691 13657.1532806 72.0 8379.23797134 13711.5158353 73.0 8367.77375913 13684.3345579 72.5079135532 8336 13609 8336 13609 58.99999999999999 8366.61040984 13632.7302669 -26.5064402789 8385.30751783 13697.1251363 -15.6183101007
8295.100956 13544.398101 78.0 8263.54141574 13494.5483726 79.0 8279.32118587 13519.4732368 78.5120585496 8336 13609 8336 13609 59.0 8302.8205396 13556.5915341 -14.4316244208 8271.82892836 13507.6388755 -15.4933576455
8323.81681 13423.4905283 81.0 8374.10813217 13392.6395492 82.0 8348.96247108 13408.0650387 81.4989599744 8248 13470 8248 13470 58.99999999999999 8319.12338559 13420.6113688 -5.50615948166 8356.78434368 13382.0123512 -20.3236557899
8374.10813217 13392.6395492 82.0 8424.39945434 13361.78857 83.0 8399.25379326 13377.2140596 82.468357658 8248 13470 8248 13470 58.99999999999999 8356.78434368 13382.0123512 -20.3236557899 8400.72969998 13347.2684686 -27.768518446
8424.39945434 13361.78857 83.0 8474.69077651 13330.9375909 84.0 8449.54511543 13346.3630805 83.491279499 8248 13470 8248 13470 58.99999999999999 8400.72969998 13347.2684686 -27.768518446 8458.32451586 13320.8977839 -19.2003179995
8474.69077651 13330.9375909 84.0 8525.05019592 13300.1979758 85.0 8499.87048621 13315.5677834 84.5326106972 8248 13470 8486 13324 59.0 8458.32451586 13320.8977839 -19.2003179995 8515.86331085 13294.5983506 -10.7589339365
8525.05019592 13300.1979758 85.0 8575.42937123 13269.490669 86.0 8550.23978357 13284.8443224 85.5060918585 8486 13324 8486 13324 59.0 8515.86331085 13294.5983506 -10.7589339365 8565.88960582 13263.6759548 -11.172198753
8575.42937123 13269.490669 86.0 8625.80854655 13238.7833621 87.0 8600.61895889 13254.1370155 86.4597718699 8486 13324 8486 13324 59.0 8565.88960582 13263.6759548 -11.172198753 8610.13662627 13229.2309536 -18.3536806719
8625.80854655 13238.7833621 87.0 8676.18772186 13208.0760552 88.0 8650.99813421 13223.4297087 87.5011608426 8486 13324 8486 13324 59.0 8610.13662627 13229.2309536 -18.3536806719 8658.38755257 13197.2264282 -20.8461131417
9460.3181575 15673.4268308 128.0 9448.33612736 15615.6563284 129.0 9454.32714243 15644.5415796 128.505618427 9465 15696 9465 15696 59.0 9461.73970622 15680.2807264 -6.99976326174 9454.04899261 15643.2005001 -28.1303790561
9448.33612736 15615.6563284 129.0 9436.3138873 15557.8944372 130.0 9442.32500733 15586.7753828 129.522049217 9465 15696 9437 15561 58.99999999999999 9454.04899261 15643.2005001 -28.1303790561 9437.83473919 15564.7782932 -7.04985553537
9436.3138873 15557.8944372 130.0 9423.58592979 15500.2836822 131.0 9429.94990854 15529.0890597 130.530809802 9437 15561 9437 15561 58.99999999999999 9437.83473919 15564.7782932 -7.04985553537 9425.68898069 15509.8027547 -9.74861861585
9568.40432458 15699.064815 137.0 9627.34158456 15701.7849962 138.0 9597.87295457 15700.4249056 137.48157238 9567 15699 9567 15699 59.00000000000001 9582.22490837 15698.4269419 -13.8352961078 9654.1292128 15700.5486441 -26.8161442651
8400.54217759 20762.8508382 256.0 8342.63357505 20774.0854016 257.0 8371.58787632 20768.4681199 256.504442738 8415 20760 8344 20774 59.0 8395.62747001 20763.8199355 -5.00934128051 8317.68156282 20775.6449023 -25.0006991223
8342.63357505 20774.0854016 257.0 8283.74847291 20777.7657204 258.0 8313.19102398 20775.925561 257.465574099 8344 20774 8344 20774 59.0 8317.68156282 20775.6449023 -25.0006991223 8276.68443197 20778.207223 -7.07782445304
8283.74847291 20777.7657204 258.0 8224.853113 20776.7240182 259.0 8254.30079296 20777.2448693 258.473252606 8344 20774 8264 20779 59.0 8276.68443197 20778.207223 -7.07782445304 8235.14584227 20777.3224327 -10.3101103606
8224.853113 20776.7240182 259.0 8166.69274099 20769.7837339 260.0 8195.772927 20773.2538761 259.50769419 8264 20779 8178 20774 59.0 8235.14584227 20777.3224327 -10.3101103606 8177.11746294 20773.6709184 -11.1258721274
8166.69274099 20769.7837339 260.0 8111.34727912 20749.3470568 261.0 8139.02001006 20759.5653953 260.473914542 8178 20774 8119 20752 59.0 8177.11746294 20773.6709184 -11.1258721274 8116.22514951 20751.0380518 -5.16266247698
8111.34727912 20749.3470568 261.0 8055.60194341 20730.022007 262.0 8083.47461127 20739.6845319 261.46351085 8119 20752 8119 20752 59.0 8116.22514951 20751.0380518 -5.16266247698 8077.31623134 20737.5496269 -22.9820660637
7951.63435895 20769.2185608 264.0 7904.9816602 20805.3367792 265.0 7928.30800957 20787.27767 264.494636278 8001 20731 8001 20731 59.0 7928.46359909 20787.1572136 -29.3032315076 7884.6056467 20821.1117574 -25.7688157121
7904.9816602 20805.3367792 265.0 7858.32896145 20841.4549976 266.0 7881.65531082 20823.3958884 265.476609825 8001 20731 8001 20731 59.0 7884.6056467 20821.1117574 -25.7688157121 7840.21919634 20855.4754609 -22.9027724055
7858.32896145 20841.4549976 266.0 7811.84056857 20877.7840996 267.0 7835.08476501 20859.6195486 266.485476774 8001 20731 7846 20851 59.0 7840.21919634 20855.4754609 -22.9027724055 7798.63050711 20888.1419887 -16.7866491763
7811.84056857 20877.7840996 267.0 7765.41119376 20914.1889503 268.0 7788.62588116 20895.986525 267.491091706 7846 20851 7846 20851 59.0 7798.63050711 20888.1419887 -16.7866491763 7750.69531773 20925.727535 -18.7001588813
7765.41119376 20914.1889503 268.0 7719.12524708 20950.7758461 269.0 7742.26822042 20932.4823982 268.510286703 7846 20851 7758 20920 58.99999999999999 7750.69531773 20925.727535 -18.7001588813 7699.65098408 20966.1929709 -24.8381693964
7719.12524708 20950.7758461 269.0 7672.87399831 20987.406734 270.0 7695.9996227 20969.09129 269.496685536 7758 20920 7710 20958 59.0 7699.65098408 20966.1929709 -24.8381693964 7653.86800193 21002.4609886 -24.24579301
7672.87399831 20987.406734 270.0 7626.62458152 21024.0399354 271.0 7649.74928992 21005.7233347 270.467661417 7710 20958 7710 20958 59.0 7653.86800193 21002.4609886 -24.24579301 7604.39180934 21041.650052 -28.3621643217
7626.62458152 21024.0399354 271.0 7580.1170568 21060.3434089 272.0 7603.37081916 21042.1916722 271.516360158 7710 20958 7609 21038 59.0 7604.39180934 21041.650052 -28.3621643217 7557.36321537 21077.9454372 -28.7674937877
7580.1170568 21060.3434089 272.0 7529.71792879 21090.0460879 273.0 7554.91749279 21075.1947484 272.477835583 7609 21038 7556 21079 59.0 7557.36321537 21077.9454372 -28.7674937877 7508.86443812 21098.8105985 -22.6204491293
7529.71792879 21090.0460879 273.0 7475.38843327 21113.0507712 274.0 7502.55318103 21101.5484295 273.493884312 7556 21079 7487 21108 59.0 7508.86443812 21098.8105985 -22.6204491293 7448.31670569 21124.8263657 -29.5219081404
7475.38843327 21113.0507712 274.0 7421.28515785 21136.5844829 275.0 7448.33679556 21124.817627 274.511259769 7487 21108 7487 21108 59.0 7448.31670569 21124.8263657 -29.5219081404 7404.6248761 21143.8313319 -18.1681536873
7421.28515785 21136.5844829 275.0 7367.18188242 21160.1181946 276.0 7394.23352013 21148.3513388 275.517993056 7487 21108 7487 21108 59.0 7404.6248761 21143.8313319 -18.1681536873 7342.47064492 21170.8670289 -26.947777205
7367.18188242 21160.1181946 276.0 7313.07860699 21183.6519064 277.0 7340.1302447 21171.8850505 276.514335446 7487 21108 7487 21108 59.0 7342.47064492 21170.8670289 -26.947777205 7295.26394326 21191.4008857 -19.427015314
7313.07860699 21183.6519064 277.0 7258.68416621 21206.3289584 278.0 7285.8813866 21194.9904324 277.466857192 7487 21108 7264 21205 59.0 7295.26394326 21191.4008857 -19.427015314 7244.9219363 21209.7695159 -14.1857818912
7168.23676503 21166.62891 280.0 7132.20304729 21119.9109909 281.0 7150.21990616 21143.2699504 280.527053843 7208 21219 7167 21165 59.0 7177.62495651 21178.9938452 -15.5251331679 7149.42267241 21142.2237445 -28.184649475
7132.20304729 21119.9109909 281.0 7096.15655031 21073.2028539 282.0 7114.1797988 21096.5569224 281.473035525 7167 21165 7167 21165 59.0 7149.42267241 21142.2237445 -28.184649475 7105.48000583 21085.2839512 -15.2603976006
7096.15655031 21073.2028539 282.0 7059.93481848 21026.6304809 283.0 7078.04568439 21049.9166674 282.525774326 7167 21165 7096 21073 59.0 7105.48000583 21085.2839512 -15.2603976006 7070.86524389 21040.683885 -17.8037177714
7059.93481848 21026.6304809 283.0 7023.71232228 20980.0587001 284.0 7041.82357038 21003.3445905 283.502927857 7096 21073 7096 21073 59.0 7070.86524389 21040.683885 -17.8037177714 7040.13171399 21001.1693466 -26.7442670353
6934.92385658 21045.4331143 286.0 6889.96109665 21083.634557 287.0 6912.44247661 21064.5338357 286.507775755 7019 20974 7019 20974 59.0 6919.28973113 21058.7162435 -20.5150529592 6872.10366073 21098.8066642 -23.4324743682
7056.74371525 21022.5276339 292.0 7092.96621144 21069.0994147 293.0 7074.85496335 21045.8135243 292.501623612 7019 20974 7019 20974 59.0 7072.32153694 21002.499006 -25.3734992502 7106.01078005 21052.3278265 -21.2472807971
7196.33461363 21020.8925211 295.0 7248.69460682 20993.7000384 296.0 7222.51461022 21007.2962798 295.501091833 7096 21073 7096 21073 59.0 7184.51137821 21014.7522773 -13.3225932021 7223.0929351 20980.4041426 -28.8483351378
7248.69460682 20993.7000384 296.0 7301.05460001 20966.5075558 297.0 7274.87460342 20980.1037971 296.488112252 7096 21073 7096 21073 59.0 7223.0929351 20980.4041426 -28.8483351378 7294.75328554 20963.2350499 -7.10041257235
7301.05460001 20966.5075558 297.0 7353.41459321 20939.3150731 298.0 7327.23459661 20952.9113145 297.528828077 7096 21073 7096 21073 59.0 7294.75328554 20963.2350499 -7.10041257235 7342.65212325 20933.7257241 -12.1273072943
7353.41459321 20939.3150731 298.0 7405.7745864 20912.1225905 299.0 7379.5945898 20925.7188318 298.509713078 7096 21073 7096 21073 59.0 7342.65212325 20933.7257241 -12.1273072943 7381.48210238 20899.5066043 -27.3731234426
7405.7745864 20912.1225905 299.0 7458.13599724 20884.932908 300.0 7431.95529182 20898.5277493 299.500630166 7096 21073 7458 20885 59.0 7381.48210238 20899.5066043 -27.3731234426 7452.58876537 20882.1962736 -6.18554356171
7458.13599724 20884.932908 300.0 7511.04754444 20858.8298781 301.0 7484.59177084 20871.8813931 300.496815828 7458 20885 7458 20885 59.0 7452.58876537 20882.1962736 -6.18554356171 7499.75754402 20853.2601445 -12.5891239246
7511.04754444 20858.8298781 301.0 7565.05241563 20835.1790337 302.0 7538.04998003 20847.0044559 301.51195292 7458 20885 7533 20848 59.0 7499.75754402 20853.2601445 -12.5891239246 7550.66066933 20829.4223352 -15.5003851431
7565.05241563 20835.1790337 302.0 7620.19345147 20814.4484713 303.0 7592.62293355 20824.8137525 302.479721931 7533 20848 7613 20816 59.0 7550.66066933 20829.4223352 -15.5003851431 7607.42945937 20811.6954533 -13.0575113188
7620.19345147 20814.4484713 303.0 7677.86719307 20802.0090368 304.0 7649.03032227 20808.228754 303.506215791 7613 20816 7613 20816 59.0 7607.42945937 20811.6954533 -13.0575113188 7660.87873063 20798.3448586 -17.3791270721
7807.31523626 20881.3323716 308.0 7853.78186242 20844.9753323 309.0 7830.54854934 20863.1538519 308.484149458 7758 20920 7846 20851 59.0 7784.95547834 20863.8002887 -28.4136007165 7844.89702379 20838.0967476 -11.2363377284
7853.78186242 20844.9753323 309.0 7900.43456117 20808.8571139 310.0 7877.1082118 20826.9162231 309.505703706 7846 20851 7846 20851 59.0 7844.89702379 20838.0967476 -11.2363377284 7889.08600019 20800.0711312 -14.3521192989
7900.43456117 20808.8571139 310.0 7947.08725992 20772.7388955 311.0 7923.76091055 20790.7980047 310.490274876 7846 20851 7846 20851 59.0 7889.08600019 20800.0711312 -14.3521192989 7930.64093121 20760.006254 -20.7990838665
7947.08725992 20772.7388955 311.0 7993.73995867 20736.6206772 312.0 7970.4136093 20754.6797864 311.498216854 7846 20851 7846 20851 59.0 7930.64093121 20760.006254 -20.7990838665 7980.37487784 20726.2735178 -16.9023398445
8105.91394796 20747.463502 314.0 8161.30458615 20767.7745914 315.0 8133.60926706 20757.6190467 314.497284814 8044 20726 8119 20752 59.0 8120.25984046 20742.4902592 -15.1834704446 8169.62718413 20764.6712498 -8.88236265545
8161.30458615 20767.7745914 315.0 8219.11225391 20776.3902473 316.0 8190.20842003 20772.0824194 315.50219425 8119 20752 8178 20774 59.0 8169.62718413 20764.6712498 -8.88236265545 8229.67114626 20775.7763582 -10.5767229143
8219.11225391 20776.3902473 316.0 8278.00911811 20778.1244301 317.0 8248.56068601 20777.2573387 316.505834257 8178 20774 8264 20779 59.0 8229.67114626 20775.7763582 -10.5767229143 8268.68873884 20777.5419064 -9.33856540026
8278.00911811 20778.1244301 317.0 8336.89422024 20774.4441112 318.0 8307.45166918 20776.2842707 317.510946546 8264 20779 8264 20779 59.0 8268.68873884 20777.5419064 -9.33856540026 8312.43460221 20772.9153851 -24.5073441663
8336.89422024 20774.4441112 318.0 8394.90026031 20763.963329 319.0 8365.89724028 20769.2037201 318.521403836 8264 20779 8344 20774 58.99999999999999 8312.43460221 20772.9153851 -24.5073441663 8381.07542568 20761.2373052 -14.0910346639
12321.9076416 8129.89450651 409.0 12320.6710161 8070.90746762 410.0 12321.2893289 8100.40098706 409.502621209 12323 8182 12323 8182 59.0 12322.4856258 8157.46435249 -27.5759038501 12321.2571793 8098.86745337 -27.9661293427
12320.6710161 8070.90746762 410.0 12319.4343905 8011.92042872 411.0 12320.0527033 8041.41394817 410.497029192 12323 8182 12323 8182 59.0 12321.2571793 8098.86745337 -27.9661293427 12319.5860303 8019.1536476 -7.23480821534
12319.4343905 8011.92042872 411.0 12318.197765 7952.93338983 412.0 12318.8160778 7982.42690928 411.515574099 12323 8182 12323 8182 59.0 12319.5860303 8019.1536476 -7.23480821534 12318.5842351 7971.3680162 -18.4386769683
12318.197765 7952.93338983 412.0 12316.9611394 7893.94635094 413.0 12317.5794522 7923.43987039 412.472535677 12323 8182 12323 8182 59.0 12318.5842351 7971.3680162 -18.4386769683 12317.4873114 7919.04475399 -25.1039178708
12316.9611394 7893.94635094 413.0 12315.7245139 7834.95931205 414.0 12316.3428267 7864.45283149 413.495455571 12323 8182 12323 8182 59.0 12317.4873114 7919.04475399 -25.1039178708 12315.8996614 7843.31385075 -8.35637442834
12315.7245139 7834.95931205 414.0 12314.4878883 7775.97227316 415.0 12315.1062011 7805.4657926 414.502904799 12323 8182 12323 8182 59.0 12315.8996614 7843.31385075 -8.35637442834 12314.6443012 7783.43316809 -7.46253429686
12314.4878883 7775.97227316 415.0 12313.2512628 7716.98523426 416.0 12313.8695755 7746.47875371 415.494831064 12323 8182 12323 8182 59.0 12314.6443012 7783.43316809 -7.46253429686 12313.8498294 7745.53686367 -28.5579030042
12313.2512628 7716.98523426 416.0 12312.2597432 7657.99369619 417.0 12312.755503 7687.48946523 416.510978581 12323 8182 12313 7705 59.0 12313.8498294 7745.53686367 -28.5579030042 12312.6753675 7684.38583583 -26.3954120704
12312.2597432 7657.99369619 417.0 12311.3307246 7599.00101084 418.0 12311.7952339 7628.49735352 417.485931962 12313 7705 12313 7705 59.0 12312.6753675 7684.38583583 -26.3954120704 12311.5151482 7610.71191224 -11.7123534634
12311.3307246 7599.00101084 418.0 12310.4017059 7540.0083255 419.0 12310.8662152 7569.50466817 418.48199987 12313 7705 12313 7705 59.0 12311.5151482 7610.71191224 -11.7123534634 12310.8478391 7568.33778359 -28.3329707373
12310.4017059 7540.0083255 419.0 12309.4726872 7481.01564015 420.0 12309.9371966 7510.51198282 419.501176383 12313 7705 12313 7705 59.0 12310.8478391 7568.33778359 -28.3329707373 12309.9401558 7510.6998929 -29.6879333772
12309.4726872 7481.01564015 420.0 12308.5436686 7422.02295481 421.0 12309.0081779 7451.51929748 420.497911096 12313 7705 12313 7705 59.0 12309.9401558 7510.6998929 -29.6879333772 12308.6238025 7427.11146139 -5.08913752195
12308.5436686 7422.02295481 421.0 12307.6146499 7363.03026946 422.0 12308.0791592 7392.52661213 421.483535353 12313 7705 12313 7705 59.0 12308.6238025 7427.11146139 -5.08913752195 12308.0242163 7389.03773291 -26.0106881816
12307.6146499 7363.03026946 422.0 12306.6856312 7304.03758411 423.0 12307.1501406 7333.53392679 422.536414738 12313 7705 12313 7705 59.0 12308.0242163 7389.03773291 -26.0106881816 12306.8651689 7315.43822601 -11.402055493
12306.6856312 7304.03758411 423.0 12305.7566126 7245.04489877 424.0 12306.2211219 7274.54124144 423.496951895 12313 7705 12313 7705 59.0 12306.8651689 7315.43822601 -11.402055493 12305.9974649 7260.33902148 -15.296019074
12305.7566126 7245.04489877 424.0 12304.8275939 7186.05221342 425.0 12305.2921032 7215.54855609 424.483253339 12313 7705 12313 7705 59.0 12305.9974649 7260.33902148 -15.296019074 12305.0737639 7201.68400702 -15.6337318271
12304.8275939 7186.05221342 425.0 12303.8985752 7127.05952808 426.0 12304.3630846 7156.55587075 425.47725311 12313 7705 12313 7705 59.0 12305.0737639 7201.68400702 -15.6337318271 12304.3437622 7155.32889912 -28.2728762356
12303.8985752 7127.05952808 426.0 12302.9700285 7068.06683536 427.0 12303.4343019 7097.56318172 426.527026625 12313 7705 12303 7070 59.0 12304.3437622 7155.32889912 -28.2728762356 12303.4194733 7097.05602494 -28.9926734449
12302.9700285 7068.06683536 427.0 12302.0554097 7009.073925 428.0 12302.5127191 7038.57038018 427.510309278 12303 7070 12303 7070 59.0 12303.4194733 7097.05602494 -28.9926734449 12302.3178466 7026.0011086 -16.929217872
12302.0554097 7009.073925 428.0 12301.1407909 6950.08101464 429.0 12301.5981003 6979.57746982 428.507011678 12303 7070 12303 7070 59.0 12302.3178466 7026.0011086 -16.929217872 12301.3296619 6962.2631954 -12.1836447851
12301.1407909 6950.08101464 429.0 12300.2261722 6891.08810428 430.0 12300.6834815 6920.58455946 429.494883133 12303 7070 12303 7070 59.0 12301.3296619 6962.2631954 -12.1836447851 12300.6549408 6918.74368073 -27.6589000363
12300.2261722 6891.08810428 430.0 12299.3115534 6832.09519392 431.0 12299.7688628 6861.5916491 430.484583868 12303 7070 12303 7070 59.0 12300.6549408 6918.74368073 -27.6589000363 12299.706884 6857.5940154 -25.5018858692
12233.5822593 6739.16463362 433.0 12193.7979419 6695.59620371 434.0 12213.6901006 6717.38041866 433.462050209 12259 6767 12259 6767 59.0 12237.8312142 6743.81773067 -6.30118475759 12206.3937005 6709.39001653 -18.6794648785
12193.7979419 6695.59620371 434.0 12154.0136244 6652.0277738 435.0 12173.9057832 6673.81198875 434.508791463 12259 6767 12259 6767 59.0 12206.3937005 6709.39001653 -18.6794648785 12168.4439605 6667.83066113 -21.4001366284
12154.0136244 6652.0277738 435.0 12114.229307 6608.45934389 436.0 12134.1214657 6630.24355884 435.475861182 12259 6767 12259 6767 59.0 12168.4439605 6667.83066113 -21.4001366284 12124.5362361 6619.74662355 -15.285138835
12114.229307 6608.45934389 436.0 12074.4449895 6564.89091398 437.0 12094.3371482 6586.67512893 436.529224676 12259 6767 12259 6767 59.0 12124.5362361 6619.74662355 -15.285138835 12081.1946305 6572.28255164 -10.0096933269
12074.4449895 6564.89091398 437.0 12034.6606721 6521.32248407 438.0 12054.5528308 6543.10669902 437.471652128 12259 6767 12259 6767 59.0 12081.1946305 6572.28255164 -10.0096933269 12049.7786634 6537.87843341 -22.4199268379
12034.6606721 6521.32248407 438.0 11994.8763546 6477.75405416 439.0 12014.7685133 6499.53826911 438.459961079 12259 6767 12259 6767 59.0 12049.7786634 6537.87843341 -22.4199268379 12002.3708115 6485.96135136 -11.1142525937
11994.8763546 6477.75405416 439.0 11955.0920372 6434.18562425 440.0 11974.9841959 6455.9698392 439.507427416 12259 6767 12259 6767 59.0 12002.3708115 6485.96135136 -11.1142525937 11972.3357622 6453.06949798 -25.5723823945
11955.0920372 6434.18562425 440.0 11915.3077197 6390.61719434 441.0 11935.1998784 6412.40140929 440.524887204 12259 6767 12259 6767 59.0 11972.3357622 6453.06949798 -25.5723823945 11928.2172504 6404.75462386 -19.1447877167
11915.3077197 6390.61719434 441.0 11875.5234023 6347.04876443 442.0 11895.415561 6368.83297938 441.483054417 12259 6767 12259 6767 59.0 11928.2172504 6404.75462386 -19.1447877167 11886.3629226 6358.91929313 -16.0749697627
11964.3323491 6284.79160549 444.0 12015.0168832 6254.59097634 445.0 11989.6746161 6269.69129091 444.510013755 11870 6341 11870 6341 59.0 11955.0562291 6279.26438374 -10.7979897196 12003.5556085 6247.7617194 -13.3416478872
12011.0143323 6191.94938766 447.0 11961.6592252 6159.62179253 448.0 11986.3367788 6175.78559009 447.504237907 12063 6226 12063 6226 58.99999999999999 12031.275515 6205.22046236 -24.2205893831 11969.1944279 6164.55735025 -9.00771939426
11961.6592252 6159.62179253 448.0 11912.3041182 6127.2941974 449.0 11936.9816717 6143.45799497 448.468872726 12063 6226 12063 6226 58.99999999999999 11969.1944279 6164.55735025 -9.00771939426 11918.3656336 6131.26448999 -7.24604666168
11912.3041182 6127.2941974 449.0 11862.949215 6094.96629311 450.0 11887.6266666 6111.13024526 449.50189165 12063 6226 11863 6095 59.00000000000001 11918.3656336 6131.26448999 -7.24604666168 11877.7334648 6104.77884829 -17.7443027818
11862.949215 6094.96629311 450.0 11813.7914234 6062.33944028 451.0 11838.3703192 6078.6528667 450.515675196 11863 6095 11863 6095 59.00000000000001 11877.7334648 6104.77884829 -17.7443027818 11819.2220755 6065.94385543 -6.51795914206
11813.7914234 6062.33944028 451.0 11764.6336318 6029.71258746 452.0 11789.2125276 6046.02601387 451.519860003 11863 6095 11863 6095 59.00000000000001 11819.2220755 6065.94385543 -6.51795914206 11780.8876983 6040.50068472 -19.5084013084
11764.6336318 6029.71258746 452.0 11715.4758402 5997.08573463 453.0 11740.054736 6013.39916104 452.506215094 11863 6095 11863 6095 59.00000000000001 11780.8876983 6040.50068472 -19.5084013084 11731.4532821 6007.69023147 -19.1763918251
11715.4758402 5997.08573463 453.0 11666.3180486 5964.4588818 454.0 11690.8969444 5980.77230821 453.48718558 11863 6095 11863 6095 59.00000000000001 11731.4532821 6007.69023147 -19.1763918251 11681.2310126 5974.35686677 -17.8987877341
11780.1081249 5810.80885194 458.0 11830.5180418 5780.1520373 459.0 11805.3130833 5795.48044462 458.489040242 11691 5865 11691 5865 59.0 11772.1675255 5805.97977267 -9.2937143011 11818.5751025 5772.88893316 -13.9780714141
11830.5180418 5780.1520373 459.0 11880.9279586 5749.49522267 460.0 11855.7230002 5764.82362999 459.532275099 11691 5865 11691 5865 59.0 11818.5751025 5772.88893316 -13.9780714141 11872.0739626 5744.11066083 -10.3627579219
11880.9279586 5749.49522267 460.0 11931.3378754 5718.83840804 461.0 11906.132917 5734.16681535 460.48834462 11691 5865 11691 5865 59.0 11872.0739626 5744.11066083 -10.3627579219 11917.7096155 5710.55037535 -15.9505785076
11931.3378754 5718.83840804 461.0 11981.7477923 5688.1815934 462.0 11956.5428339 5703.51000072 461.519244354 11691 5865 11691 5865 59.0 11917.7096155 5710.55037535 -15.9505785076 11975.1657697 5684.17873325 -7.70362973041
11938.8655522 5624.59324118 464.0 11889.4512086 5592.35626469 465.0 11914.1583804 5608.47475294 464.489304505 12010 5671 12010 5671 59.0 11946.8605135 5629.80900165 -9.5458662955 11912.2008734 5607.19771267 -27.1627654374
11889.4512086 5592.35626469 465.0 11840.0368651 5560.11928819 466.0 11864.7440369 5576.23777644 465.499454737 12010 5671 12010 5671 59.0 11912.2008734 5607.19771267 -27.1627654374 11859.074255 5572.53891874 -22.730363766
11710.8282429 5580.93250375 480.0 11658.6180677 5608.41154329 481.0 11684.7231553 5594.67202352 480.499266206 11800 5534 11800 5534 59.0 11702.7937553 5585.16118144 -9.07935604336 11651.0826178 5612.3775696 -8.51541961294
11658.6180677 5608.41154329 481.0 11606.4078926 5635.89058283 482.0 11632.5129802 5622.15106306 481.483552534 11800 5534 11800 5534 59.0 11651.0826178 5612.3775696 -8.51541961294 11596.0976034 5641.31705087 -11.6511209929
11606.4078926 5635.89058283 482.0 11554.1977175 5663.36962236 483.0 11580.3028051 5649.6301026 482.497201231 11800 5534 11800 5534 59.0 11596.0976034 5641.31705087 -11.6511209929 11546.3468274 5667.50166979 -8.87188207732
11554.1977175 5663.36962236 483.0 11501.9875424 5690.8486619 484.0 11528.0926299 5677.10914213 483.50582625 11800 5534 11800 5534 59.0 11546.3468274 5667.50166979 -8.87188207732 11485.1537946 5699.70852918 -19.0229417854
11501.9875424 5690.8486619 484.0 11449.9410461 5718.63618467 485.0 11475.9642942 5704.74242329 484.506202025 11800 5534 11496 5694 59.0 11485.1537946 5699.70852918 -19.0229417854 11441.0352739 5723.39973722 -10.0997133828
11449.9410461 5718.63618467 485.0 11397.9157522 5746.46366744 486.0 11423.9283991 5732.54992606 485.51108397 11496 5694 11496 5694 59.0 11441.0352739 5723.39973722 -10.0997133828 11380.108049 5755.988718 -20.1950707294
11397.9157522 5746.46366744 486.0 11345.8076553 5774.13496076 487.0 11371.8617038 5760.2993141 486.500096078 11496 5694 11367 5763 59.00000000000001 11380.108049 5755.988718 -20.1950707294 11331.3130876 5781.75075061 -16.3735381057
11345.8076553 5774.13496076 487.0 11293.5782903 5801.5775085 488.0 11319.6929728 5787.85623463 487.534241341 11367 5763 11367 5763 59.00000000000001 11331.3130876 5781.75075061 -16.3735381057 11281.9589091 5807.68260706 -13.1256331825
11276.3619617 5886.86182647 490.0 11300.2278166 5940.8194114 491.0 11288.2948891 5913.84061893 490.497903318 11249 5825 11249 5825 59.0 11287.9460227 5860.67177547 -28.6375494955 11309.9895313 5918.74944778 -24.1324339289
11300.2278166 5940.8194114 491.0 11324.0936715 5994.77699632 492.0 11312.160744 5967.79820386 491.484873086 11249 5825 11249 5825 59.0 11309.9895313 5918.74944778 -24.1324339289 11333.621835 5973.23506142 -23.5550601696
11324.0936715 5994.77699632 492.0 11347.9595263 6048.73458125 493.0 11336.0265989 6021.75578879 492.477142049 11249 5825 11249 5825 59.0 11333.621835 5973.23506142 -23.5550601696 11358.3283394 6025.29204744 -25.6332728105
11347.9595263 6048.73458125 493.0 11371.8253812 6102.69216618 494.0 11359.8924538 6075.71337371 493.523951085 11249 5825 11249 5825 59.0 11358.3283394 6025.29204744 -25.6332728105 11374.4170038 6096.83284546 -6.40688279556
11371.8253812 6102.69216618 494.0 11395.6912361 6156.64975111 495.0 11383.7583086 6129.67095864 494.511997943 11249 5825 11249 5825 59.0 11374.4170038 6096.83284546 -6.40688279556 11407.1218913 6130.80653066 -28.2583071191
11395.6912361 6156.64975111 495.0 11419.5570909 6210.60733603 496.0 11407.6241635 6183.62854357 495.494875354 11249 5825 11249 5825 59.0 11407.1218913 6130.80653066 -28.2583071191 11421.807677 6205.51905456 -5.56378880433
11515.6312291 6259.90874807 498.0 11573.1446119 6273.06970524 499.0 11544.3879205 6266.48922666 498.507343769 11433 6241 11433 6241 59.0 11530.7315209 6256.45330372 -15.4906071173 11585.2976875 6270.28868108 -12.467210662
