1 12259 6767 12299 6812 12298.197466490965 6811.0971498023355 59.00000000000001 24.5910150855 12281.8600853 6829.47670363
2 12299 6812 12303 7070 12299.895892753771 6869.785082618258 59.0 -17.9368091848 12300.1739494 6851.85042878
3 12299 6812 12303 7070 12300.810511519012 6928.777992976319 59.0 25.4391104466 12300.4161541 6954.21404657
4 12299 6812 12303 7070 12301.725130284254 6987.77090333438 59.0 25.6365501821 12301.3277122 7013.40437294
5 12299 6812 12303 7070 12302.639749049495 7046.7638136924415 59.0 -28.6451793402 12303.083807 7018.12207646
6 12303 7070 12313 7705 12303.563095868762 7105.756587666337 59.0 26.4369976915 12303.1468168 7132.19030777
7 12303 7070 12313 7705 12304.492114535626 7164.749273012205 59.0 -31.1657572676 12304.982853 7133.58737959
8 12303 7070 12313 7705 12305.42113320249 7223.741958358073 59.0 29.6298643803 12304.954579 7253.36814931
9 12303 7070 12313 7705 12306.350151869354 7282.734643703941 59.0 -5.80472225028 12306.4415535 7276.93064111
10 12303 7070 12313 7705 12307.279170536218 7341.72732904981 59.0 -5.10023770407 12307.3594793 7336.62772366
11 12303 7070 12313 7705 12308.208189203082 7400.720014395678 59.0 -21.9697082053 12308.554126 7378.75302993
12 12303 7070 12313 7705 12309.137207869946 7459.712699741546 59.0 9.14072601796 12308.9932773 7468.85229252
13 12303 7070 12313 7705 12310.06622653681 7518.7053850874145 59.0 8.19399464448 12309.9372032 7526.89836386
14 12303 7070 12313 7705 12310.995245203674 7577.698070433283 59.0 38.147415095 12310.394573 7615.84075612
15 12303 7070 12313 7705 12311.924263870538 7636.690755779151 59.0 37.1903489545 12311.3386617 7673.87649398
16 12303 7070 12313 7705 12312.853282537402 7695.683441125019 59.0 29.1423738446 12312.3944044 7724.82220198
17 12313 7705 12323 8182 12314.041328548145 7754.671371746516 59.0 -20.3482910733 12314.4678237 7734.32755078
18 12313 7705 12323 8182 12315.277954101435 7813.658410638471 59.0 32.4940803222 12314.5968861 7846.14535267
19 12313 7705 12323 8182 12316.514579654726 7872.645449530425 59.0 35.4581276955 12315.771386 7908.09578779
20 12313 7705 12323 8182 12317.751205208016 7931.6324884223795 59.0 -4.37063447709 12317.8428126 7927.26281409
21 12313 7705 12323 8182 12318.987830761307 7990.619527314334 59.0 17.4017856613 12318.6230936 8008.01749015
22 12313 7705 12323 8182 12320.224456314598 8049.606566206288 59.0 15.7526332283 12319.894285 8065.3557389
23 12313 7705 12323 8182 12321.461081867888 8108.593605098243 59.0 -35.4644737329 12322.2044086 8073.13692219
24 12313 7705 12323 8182 12322.697707421177 8167.580643990197 59.0 24.4319963187 12322.1856188 8192.00727309
25 12323 8182 12729 8219 12389.966477883536 8188.102856358844 88.99999999999999 10.0077226178 12380.0000564 8189.0111263
27 12323 8182 12729 8219 12567.231885457832 8204.257585620542 88.99999999999999 36.7136043691 12530.6697953 8207.58959876
29 12729 8219 13017 8221 12744.561138998726 8219.108063465268 89.0 -24.7812760168 12769.3418175 8218.93597542
31 12729 8219 13017 8221 12922.55684710149 8220.344144771538 89.0 -24.6917679871 12947.2480197 8220.17267829
33 13017 8221 13305 8242 13100.33332854134 8227.076388539472 89.0 -29.0714350348 13129.3277863 8224.96220933
35 13017 8221 13305 8242 13277.862008376622 8240.021188110795 89.0 35.4873018937 13242.4686721 8242.60195221
37 13444 8248 13480 8824 13445.642697306193 8274.28315689908 201.0 -26.7789102747 13447.3131198 8247.55639645
39 13444 8248 13480 8824 13470.718768340575 8675.500293449202 201.0 -30.9803219609 13472.6512677 8644.58030323
41 13480 8824 13308 9968 13442.353011772047 9074.396247283596 201.0 -14.889264972 13440.1392967 9089.12002659
43 13480 8824 13308 9968 13382.584214595707 9471.928247107628 201.0 -29.3215936516 13378.2247211 9500.92394801
45 13480 8824 13308 9968 13322.815417419366 9869.46024693166 201.0 -22.0707096519 13319.5339752 9891.28565326
47 13308 9968 12996 11264 13237.233184243021 10261.954465452063 201.0 -10.2290189898 13234.8390431 10271.8993595
49 13308 9968 12996 11264 13143.143541135863 10652.78836758949 201.0 12.5559839253 13146.0823174 10640.5811432
51 13308 9968 12996 11264 13049.053898028706 11043.622269726917 201.0 -31.6742024664 13041.6404294 11074.4166781
53 12996 11264 12284 12624 12914.681609879619 11419.327262027693 201.0 -3.03452225762 12913.2741613 11422.015647
55 12996 11264 12284 12624 12728.229084408289 11775.472535399898 201.0 12.7050258255 12734.1218311 11764.2167272
57 12996 11264 12284 12624 12541.776558936957 12131.617808772104 201.0 30.3056074233 12555.832671 12104.7690554
59 12996 11264 12284 12624 12355.324033465628 12487.763082144309 201.0 12.0008495591 12360.8901745 12477.1311273
60 12284 12624 13072 12900 12313.711685598531 12634.40663099644 134.0 -27.8893113545 12340.0331615 12625.1874339
62 12284 12624 13072 12900 12566.645701928755 12722.997733162863 134.0 -27.8521493731 12592.9321049 12713.7908204
64 12284 12624 13072 12900 12819.57971825898 12811.588835329287 134.0 37.9202207522 12783.7912342 12824.1238881
66 13072 12900 13220 12936 13072.528912808188 12900.128654466856 134.0 29.36334963 13043.9974973 12907.0687285
68 13220 12936 14016 13264 13327.46310609534 12980.281279898581 134.0 33.1276964724 13296.8338393 12992.9023848
70 13220 12936 14016 13264 13575.251041121923 13082.384851115567 134.0 -7.79519281153 13582.4583349 13079.4150115
72 13220 12936 14016 13264 13823.038976148506 13184.48842233255 134.0 36.8865953258 13788.9342997 13198.5416056
74 14016 13264 14452 13524 14066.9308667982 13294.371617815441 134.0 4.72571399413 14062.8720441 13296.7920167
76 14016 13264 14452 13524 14297.110791994757 13431.634875960175 134.0 13.0211081398 14285.9272185 13438.3039794
78 14452 13524 15104 14020 14521.768002422707 13577.075044787827 134.0 1.38140687698 14520.6685685 13577.9114239
80 14452 13524 15104 14020 14735.06380007019 13739.336878581003 134.0 -26.5240950822 14756.1737927 13723.2777431
82 14452 13524 15104 14020 14948.359597717672 13901.59871237418 134.0 37.3454258265 14918.6371261 13924.2096724
84 15104 14020 15972 14104 15176.105480666934 14026.977949741962 134.0 -33.1510992583 15209.1024278 14023.7846968
86 15104 14020 15972 14104 15442.859284299753 14052.792833964493 134.0 31.0962212076 15411.9076601 14055.7881524
88 15104 14020 15972 14104 15709.613087932574 14078.607718187024 134.0 -26.3591041683 15735.8496226 14076.0686987
90 15972 14104 16212 14068 15976.338752960506 14103.349187055925 134.0 15.058872063 15991.231019 14105.583027
