15428 28448 15456 28783 15452.8209145503 28744.964513369672 298.0 -1 15452.9042062 28745.9610386
15476 29021 15497 29277 15477.716319467003 29041.92275159776 298.0 -2 15477.8798327 29043.9160562
15497 29277 15526 29615 15502.311436299007 29338.905705829806 298.0 -1.0 15502.396921 29339.9020453
15526 29615 15564 29703 15534.282081123676 29634.17955628641 298.0 0.0 15534.2820811 29634.1795563
15375 29785 14640 30093 15101.203832160658 29899.73363223744 672.0 1.0 15100.2815368 29899.3471465
14542 30113 14395 30113 14470.080858004269 30113.0 672.0 2.0 14470.080858 30111.0
14023 30093 13795 30273 13857.850741435293 30223.380993603718 672.0 1.0 13857.0658587 30222.7613493
13402 30583 13227 30721 13330.250782301771 30639.579383099175 672.0 0.0 13330.2507823 30639.5793831
12880 30851 12369 30213 12774.740116544828 30719.57963670372 672.0 1.0 12774.114974 30718.7991261
12369 30213 12276 30096 12354.710901522292 30195.023392237723 672.0 2.0 12353.4664133 30193.4577457
11965 29682 11449 28994 11948.377218879577 29659.836291839438 672.0 1.0 11947.7772189 29659.0362918
11965 29682 11449 28994 11545.177218879577 29122.236291839436 672.0 2.0 11543.9772189 29120.6362918
11147 28595 10979 28372 11140.20141523 28585.975688073155 672.0 1.0 11139.5996974 28585.1769793
10938 28315 10746 28041 10746.3961571126 28041.565349212775 672.0 2.0 10745.2484302 28039.9274472
10644 27455 10618 27255 10634.645948247009 27383.04575574622 672.0 3.0 10634.2592026 27380.0707889
10618 27255 10544 26692 10547.253465446849 26716.752716845618 672.0 4.0 10546.7321941 26712.7868278
10465 26088 10548 25904 10480.57986736544 26053.461498852517 672.0 3.0 10479.3463019 26050.7268478
10713 25506 10835 25225 10743.728009066112 25435.224831577238 672.0 4.0 10742.1350147 25431.5557215
10893 25090 11196 24373 11008.176854298645 24817.45279032301 672.0 5.0 11006.2305404 24812.8471566
11250 24249 11279 24184 11272.10051665154 24199.464359229307 672.0 4.0 11270.4707501 24195.8114342
