11664.3534568 17466.4355618 2.0 11751.6164423 17072.2465627 3.0 11707.9849496 17269.3410622 2.49663385308 11552 17495 11748 17084 448.0 11664.3534568 17466.4355618 0.0 11751.3223564 17071.2907836 -1.0
11751.6164423 17072.2465627 3.0 11693.4643914 16659.8385284 4.0 11722.5404168 16866.0425455 3.49560450494 11748 17084 11682 16742 448.0 11751.3223564 17071.2907836 -1.0 11693.4643914 16659.8385284 0.0
11936.2150797 16050.0561935 5.0 12218.201815 15442.4954626 6.0 12077.2084474 15746.275828 5.49995397895 11784 16295 12104 15728 672.0 11936.7428956 16050.9055524 1.0 12218.201815 15442.4954626 0.0
12218.201815 15442.4954626 6.0 12492.1197924 14828.9236551 7.0 12355.1608037 15135.7095588 6.50001728029 12104 15728 12490 14834 672.0 12218.201815 15442.4954626 0.0 12492.5051277 14829.8464317 1.0
12734.7893927 14894.4376255 8.0 12945.5657824 14768.7184726 9.0 12840.1775875 14831.578049 8.52269742968 12683 14864 12918 14776 298.0 12733.0651355 14895.4510047 2.0 12946.5326202 14768.9738637 1.0
12945.5657824 14768.7184726 9.0 13227.9681252 14682.0159374 10.0 13086.7669538 14725.367205 9.49912621682 12918 14776 13222 14685 298.0 12946.5326202 14768.9738637 1.0 13229.7569796 14682.9103646 2.0
13227.9681252 14682.0159374 10.0 13090.8506297 14458.8932035 12.0 13159.4093775 14570.4545704 10.954195886 13222 14685 13134 14500 298.0 13229.7569796 14682.9103646 2.0 13090.1265937 14458.2034413 1.0
12722.9041588 13974.4137915 14.0 13014.3885324 13370.987677 15.0 12868.6463456 13672.7007342 14.4999118756 12720 13983 12975 13445 672.0 12723.2245626 13975.3610725 1.0 13015.3281353 13372.7532212 2.0
13014.3885324 13370.987677 15.0 13289.8379235 12758.7191173 16.0 13152.113228 13064.8533971 15.4998229654 12975 13445 13220 12936 672.0 13015.3281353 13372.7532212 2.0 13290.204448 12759.6495257 1.0
13289.8379235 12758.7191173 16.0 13540.5906604 12135.3287525 17.0 13415.214292 12447.0239349 16.5000056568 13220 12936 13536 12144 672.0 13290.204448 12759.6495257 1.0 13541.5264359 12137.0963283 2.0
13540.5906604 12135.3287525 17.0 13841.3044295 11534.7679345 18.0 13690.947545 11835.0483435 17.5000049305 13536 12144 13789 11651 672.0 13541.5264359 12137.0963283 2.0 13841.7147942 11535.679856 1.0
13841.3044295 11534.7679345 18.0 14230.1545689 10988.2428473 19.0 14035.7294992 11261.5053909 18.4998978333 13789 11651 14229 10990 672.0 13841.7147942 11535.679856 1.0 14231.2528374 10989.9143157 2.0
14538.7301676 10475.7768905 20.0 14720.9332103 10066.5022359 21.0 14629.8316889 10271.1395632 20.5000000428 14480 10608 14663 10196 448.0 14539.1361002 10476.6907935 1.0 14720.9332103 10066.5022359 0.0
14720.9332103 10066.5022359 21.0 14908.2892188 9668.88093886 22.0 14814.6112145 9867.69158736 21.5035472474 14663 10196 14861 9780 448.0 14720.9332103 10066.5022359 0.0 14907.897632 9667.96079769 -1.0
14908.2892188 9668.88093886 22.0 15083.720104 9256.6576929 23.0 14996.0046614 9462.76931588 22.5 14861 9780 14861 9780 448.0 14907.897632 9667.96079769 -1.0 15082.9369304 9254.81741055 -2.0
15083.720104 9256.6576929 23.0 15288.7829237 8858.34980282 24.0 15186.2515138 9057.50374786 23.5000012974 14861 9780 15223 8986 448.0 15082.9369304 9254.81741055 -2.0 15287.4086622 8855.68308101 -3.0
15288.7829237 8858.34980282 24.0 15410.1589052 8428.01917393 25.0 15349.4709144 8643.18448838 24.4995054582 15223 8986 15380 8543 447.99999999999994 15287.4086622 8855.68308101 -3.0 15409.1440544 8424.15005544 -4.0
15695.4868765 8446.85986745 26.0 15823.1234462 8636.54012219 27.0 15759.3051613 8541.69999482 26.5085928493 15647 8455 15784 8432 298.0 15692.5282804 8446.36316885 -3.0 15823.4991848 8634.57573413 -2.0
15823.1234462 8636.54012219 27.0 16042.2022433 8755.76974545 28.0 15932.6628448 8696.15493382 27.4810807456 15784 8432 15841 8730 298.0 15823.4991848 8634.57573413 -2.0 16043.1941408 8755.6427044 -1.0
16042.2022433 8755.76974545 28.0 15956.1250333 8744.74507816 30.0 15999.1636383 8750.2574118 29.1614662787 15841 8730 16044 8756 298.0 16043.1941408 8755.6427044 -1.0 15956.1250333 8744.74507816 0.0
15956.1250333 8744.74507816 30.0 15806.8200799 8551.30497907 31.0 15881.4725566 8648.02502861 30.4801271225 16044 8756 15841 8730 298.0 15956.1250333 8744.74507816 0.0 15806.6322106 8550.32278503 1.0
15806.8200799 8551.30497907 31.0 15609.5755103 8451.21974851 32.0 15708.1977951 8501.26236379 31.5097041225 15841 8730 15647 8455 298.0 15806.6322106 8550.32278503 1.0 15607.5856359 8451.0187511 2.0
15377.0275554 8554.20382972 33.0 15229.0200746 8974.31818854 34.0 15303.023815 8764.26100913 33.5010119929 15380 8543 15307 8823 448.0 15377.7968595 8551.30414505 3.0 15230.8524233 8970.76255947 4.0
15229.0200746 8974.31818854 34.0 15032.6330105 9376.70090803 35.0 15130.8265426 9175.50954829 34.5000285866 15307 8823 15084 9256 448.0 15230.8524233 8970.76255947 4.0 15034.5909445 9372.10020216 5.0
15032.6330105 9376.70090803 35.0 14851.4577614 9778.26504754 36.0 14942.045386 9577.48297778 35.494409346 15084 9256 14861 9780 448.0 15034.5909445 9372.10020216 5.0 14847.5222818 9777.54950578 4.0
14851.4577614 9778.26504754 36.0 14667.6570651 10185.5900899 37.0 14759.5574133 9981.9275687 36.499925874 14861 9780 14850 9778 448.0 14847.5222818 9777.54950578 4.0 14668.8821632 10182.8516351 3.0
14667.6570651 10185.5900899 37.0 14485.7714902 10595.0062624 38.0 14576.7142777 10390.2981761 37.4999999861 14850 9778 14663 10196 448.0 14668.8821632 10182.8516351 3.0 14487.3952208 10591.3506504 4.0
14118.868852 11149.2113336 39.0 13761.7663335 11713.5638284 40.0 13940.3175928 11431.387581 39.4989596679 14229 10990 13789 11651 672.0 14121.7132939 11145.0992599 5.0 13763.3628156 11709.8962345 4.0
13761.7663335 11713.5638284 40.0 13465.6192924 12316.0417297 41.0 13613.692813 12014.8027791 40.4997703644 13789 11651 13536 12144 672.0 13763.3628156 11709.8962345 4.0 13467.5124566 12311.413995 5.0
13465.6192924 12316.0417297 41.0 13217.9315264 12940.7181713 42.0 13341.7754094 12628.3799505 41.5000011015 13536 12144 13220 12936 672.0 13467.5124566 12311.413995 5.0 13219.5375864 12937.0547615 4.0
13217.9315264 12940.7181713 42.0 12922.761946 13543.904049 43.0 13070.3467362 13242.3111101 42.4999645396 13220 12936 12975 13445 672.0 13219.5375864 12937.0547615 4.0 12925.0970918 13539.4828395 5.0
12922.761946 13543.904049 43.0 12679.6256441 14165.2089387 44.0 12801.193795 13854.5564939 43.4984430248 12975 13445 12692 14109 672.0 12925.0970918 13539.4828395 5.0 12680.4856473 14161.3024833 4.0
12679.6256441 14165.2089387 44.0 12499.8635886 14810.3793009 45.0 12589.7446164 14487.7941198 44.5005892262 12692 14109 12528 14743 672.0 12680.4856473 14161.3024833 4.0 12501.7902651 14805.7654178 5.0
12499.8635886 14810.3793009 45.0 12225.6653766 15423.8365586 46.0 12362.7644826 15117.1079297 45.4999809542 12528 14743 12242 15383 672.0 12501.7902651 14805.7654178 5.0 12227.1509393 15420.1226518 4.0
12225.6653766 15423.8365586 46.0 11946.8222014 16032.9872621 47.0 12086.243789 15728.4119103 46.4996637075 12242 15383 12045 15875 672.0 12227.1509393 15420.1226518 4.0 11949.4612806 16028.7404679 5.0
11946.8222014 16032.9872621 47.0 11698.0729486 16642.3103674 48.0 11822.447575 16337.6488147 47.5005488298 12045 15875 11730 16535 672.0 11949.4612806 16028.7404679 5.0 11699.2136164 16638.4764559 4.0
11766.1471589 17034.0356698 49.0 11729.3309763 17475.8161508 50.0 11747.7390676 17254.9259103 49.5003738023 11773 17015 11729 17450 448.0 11767.1633173 17031.2130076 3.0 11729.3053374 17477.8159864 2.0
