16563.9639516 11402.0831482 1.0 16575.3985757 11696.8045185 2.0 16569.6812636 11549.4438334 1.50084914933 16562 11387 16587 11660 298.0 16563.8348332 11403.0747774 1.0 16575.3985757 11696.8045185 0.0
16575.3985757 11696.8045185 2.0 16516.1135018 11967.7063499 3.0 16545.7560387 11832.2554342 2.4943669163 16587 11660 16510 11941 298.0 16575.3985757 11696.8045185 0.0 16516.3366455 11966.7315643 -1.0
16516.1135018 11967.7063499 3.0 16581.9411351 12258.3440779 4.0 16549.0273185 12113.0252139 3.50000073709 16510 11941 16548 12107 298.0 16516.3366455 11966.7315643 -1.0 16582.3787936 12256.3925516 -2.0
16581.9411351 12258.3440779 4.0 16646.1370427 12549.3460001 5.0 16614.0390889 12403.845039 4.49999978824 16548 12107 16609 12379 298.0 16582.3787936 12256.3925516 -2.0 16646.350049 12548.3689493 -1.0
16646.1370427 12549.3460001 5.0 16741.4505186 12831.3766956 6.0 16693.7937807 12690.3613479 5.50001200871 16609 12379 16655 12590 298.0 16646.350049 12548.3689493 -1.0 16742.124883 12829.4938168 -2.0
16302.8418975 13829.3888427 8.0 16056.162947 14454.4365755 9.0 16179.5024222 14141.9127091 8.49999662794 16376 13632 16070 14420 672.0 16302.4943696 13830.3265123 -1.0 16056.162947 14454.4365755 0.0
16056.162947 14454.4365755 9.0 15734.2532428 15031.8004676 10.0 15895.2080949 14743.1185216 9.50087913346 16070 14420 15803 14966 672.0000000000001 16056.162947 14454.4365755 0.0 15734.9756605 15031.1090106 1.0
15734.2532428 15031.8004676 10.0 15183.4271232 15416.5474246 11.0 15458.840183 15224.1739461 10.4999654667 15803 14966 15243 15373 672.0 15734.9756605 15031.1090106 1.0 15185.0417324 15415.3671547 2.0
15183.4271232 15416.5474246 11.0 14641.9961076 15796.509542 12.0 14912.7116154 15606.5284833 11.5012066268 15243 15373 14702 15755 672.0 15185.0417324 15415.3671547 2.0 14642.8185026 15795.9406249 1.0
14641.9961076 15796.509542 12.0 14043.6745659 16068.5208202 13.0 14342.8353368 15932.5151811 12.5061598242 14702 15755 14067 16065 672.0 14642.8185026 15795.9406249 1.0 14043.6745659 16068.5208202 0.0
14043.6745659 16068.5208202 13.0 13385.4889185 16197.850714 14.0 13714.5817422 16133.1857671 13.5003958514 14067 16065 13601 16136 672.0 14043.6745659 16068.5208202 0.0 13386.4501165 16197.5748545 1.0
13385.4889185 16197.850714 14.0 12795.2986529 16518.2859456 15.0 13090.3937857 16358.0683298 14.5001702135 13601 16136 12876 16471 672.0 13386.4501165 16197.5748545 1.0 12797.0242516 16517.2748526 2.0
12795.2986529 16518.2859456 15.0 12187.2068238 16729.439908 16.0 12491.2527383 16623.8629268 15.5005942413 12876 16471 12299 16664 672.0 12797.0242516 16517.2748526 2.0 12188.0698383 16728.9347288 1.0
11791.639337 16952.1464216 17.0 11721.9243261 17390.4464113 18.0 11756.7818316 17171.2964164 17.4992777053 11816 16870 11717 17349 448.0 11791.639337 16952.1464216 0.0 11722.0423082 17389.4533955 -1.0
11721.9243261 17390.4464113 18.0 11918.2822243 17788.6509277 19.0 11820.1032752 17589.5486695 18.4988726373 11717 17349 11836 17634 448.0 11722.0423082 17389.4533955 -1.0 11919.221638 17786.8852827 -2.0
11918.2822243 17788.6509277 19.0 12176.6038468 18112.2418846 20.0 12047.4430356 17950.4464061 19.5099574839 11836 17634 12118 18114 448.0 11919.221638 17786.8852827 -2.0 12175.6042965 18112.2118981 -1.0
12363.7210368 18440.4641803 21.0 13030.7643426 18515.9984113 22.0 12697.2426897 18478.2312958 21.5000797826 12292 18433 13000 18506 672.0 12365.710293 18440.2571536 -2.0 13031.7153767 18515.6893253 -1.0
13030.7643426 18515.9984113 22.0 13405.5994324 19045.2651531 23.0 13218.1818875 18780.6317822 22.5032518933 13000 18506 13371 18953 672.0 13031.7153767 18515.6893253 -1.0 13406.3016793 19043.3924947 -2.0
13405.5994324 19045.2651531 23.0 13132.5544876 19560.963675 24.0 13269.07696 19303.114414 23.4762983147 13371 18953 13251 19482 672.0 13406.3016793 19043.3924947 -2.0 13131.7224373 19561.5183752 -1.0
13132.5544876 19560.963675 24.0 12815.9368987 20104.5701254 25.0 12974.2456931 19832.7669002 24.5167052846 13251 19482 12780 20082 672.0 13131.7224373 19561.5183752 -1.0 12815.9368987 20104.5701254 0.0
12815.9368987 20104.5701254 25.0 13295.8117558 20546.0666631 26.0 13055.8743273 20325.3183942 25.5044086549 12780 20082 13266 20534 672.0 12815.9368987 20104.5701254 0.0 13294.884809 20546.4418558 1.0
13295.8117558 20546.0666631 26.0 13920.936863 20792.647051 27.0 13608.3743094 20669.3568571 26.4999999612 13266 20534 13308 20551 672.0 13294.884809 20546.4418558 1.0 13919.07624 20793.3805916 2.0
13920.936863 20792.647051 27.0 14542.3182851 21048.4839998 28.0 14231.6275741 20920.5655254 27.4999995776 13308 20551 14342 20966 672.0 13919.07624 20793.3805916 2.0 14539.5442509 21049.6262492 3.0
14990.2882006 21305.7017291 29.0 14935.0 21597.8413349 30.0 14962.6441003 21451.771532 29.4999760203 15013 21236 14935 21579 298.0 14991.5274433 21301.8985361 4.0 14930.0 21597.8413349 5.0
14935.0 21597.8413349 30.0 14951.0191188 21894.9858683 31.0 14943.0095594 21746.4136016 30.4996939675 14935 21579 14945 21851 298.0 14930.0 21597.8413349 5.0 14950.4768045 21898.9489346 4.0
14951.0191188 21894.9858683 31.0 14996.0308257 22189.5483943 32.0 14973.5249722 22042.2671313 31.4999980942 14945 21851 14989 22150 298.0 14950.4768045 21898.9489346 4.0 14995.5057257 22192.5020818 3.0
14996.0308257 22189.5483943 32.0 15048.1907594 22482.9480216 33.0 15022.1107925 22336.248208 32.5 14989 22150 14989 22150 298.0 14995.5057257 22192.5020818 3.0 15047.8406927 22484.9171467 2.0
15048.1907594 22482.9480216 33.0 15285.7081339 22562.0292 34.0 15166.9494466 22522.4886108 33.5103777609 14989 22150 15249 22561 298.0 15047.8406927 22484.9171467 2.0 15282.7093123 22562.1132791 3.0
15285.7081339 22562.0292 34.0 15563.2534229 22658.2538699 35.0 15424.4807784 22610.1415349 34.4978068309 15249 22561 15443 22604 298.0 15282.7093123 22562.1132791 3.0 15561.430374 22659.0763617 2.0
15670.696076 22801.9787402 36.0 15720.4634923 22766.0022947 37.0 15695.5797842 22783.9905175 36.4222484199 15726 22762 15560 22882 198.0 15671.5064977 22801.3928932 1.0 15722.0843357 22767.1739887 2.0
15970.4063917 22902.1386892 39.0 16238.483211 23024.8569202 40.0 16104.4448014 22963.4978047 39.5031225465 15970 22902 16155 22964 298.0 15969.4599859 22902.461669 1.0 16236.8670462 23026.035059 2.0
16238.483211 23024.8569202 40.0 16441.1924649 22841.51007 41.0 16339.837838 22933.1834951 40.4869807286 16155 22964 16262 23042 298.0 16236.8670462 23026.035059 2.0 16443.1916517 22843.746865 3.0
16441.1924649 22841.51007 41.0 16640.0708452 22619.5836966 42.0 16540.6316551 22730.5468833 41.499999978 16262 23042 16506 22769 298.0 16443.1916517 22843.746865 3.0 16641.4065504 22621.0722838 2.0
16640.0708452 22619.5836966 42.0 16843.3750771 22401.7192361 43.0 16741.7229612 22510.6514664 42.5000061506 16506 22769 16672 22584 298.0 16641.4065504 22621.0722838 2.0 16845.4300055 22403.9049327 3.0
17229.1724015 22735.1683429 44.0 17677.4265947 23235.713024 45.0 17453.2994981 22985.4406835 44.500027754 17168 22665 17592 23139 672.0 17226.5438607 22738.1834338 4.0 17674.1164919 23239.4604525 5.0
17677.4265947 23235.713024 45.0 18122.9452426 23738.7977958 46.0 17900.1859186 23487.2554099 45.5000001755 17592 23139 18031 23636 672.0 17674.1164919 23239.4604525 5.0 18120.2785744 23741.7792184 4.0
18122.9452426 23738.7977958 46.0 18571.4744954 24239.200446 47.0 18347.209869 23988.9991209 46.4999995098 18031 23636 18567 24234 672.0 18120.2785744 23741.7792184 4.0 18568.2134144 24242.9906109 5.0
18571.4744954 24239.200446 47.0 19009.89896 24748.4821816 48.0 18790.6867277 24493.8413138 47.5000000141 18567 24234 18906 24628 672.0 18568.2134144 24242.9906109 5.0 19007.2866965 24751.5113861 4.0
19009.89896 24748.4821816 48.0 19451.4206644 25255.070628 49.0 19230.6598122 25001.7764048 48.4999984539 18906 24628 19213 24984 672.0 19007.2866965 24751.5113861 4.0 19449.4393497 25257.3232691 3.0
19451.4206644 25255.070628 49.0 19877.6885161 25766.6696398 50.0 19664.5545902 25510.8701339 49.4987270282 19213 24984 19876 25737 672.0 19449.4393497 25257.3232691 3.0 19877.5748788 25768.6664088 2.0
19877.6885161 25766.6696398 50.0 19915.8706361 26437.584035 51.0 19896.7795761 26102.1268374 50.5 19876 25737 19876 25737 672.0 19877.5748788 25768.6664088 2.0 19915.7001802 26440.5791885 3.0
19673.9757493 26701.6299075 52.0 19227.2328192 26668.0925488 53.0 19450.6042843 26684.8612281 52.5 19932 26721 19932 26721 448.0 19671.9813612 26701.4801872 2.0 19226.2356252 26668.0176886 1.0
19227.2328192 26668.0925488 53.0 18780.4784232 26634.7082778 54.0 19003.8556212 26651.4004133 53.5 19932 26721 19226 26668 448.00000000000006 19226.2356252 26668.0176886 1.0 18778.4839838 26634.5592427 2.0
18780.4784232 26634.7082778 54.0 18364.8867074 26559.4451007 55.0 18572.6825653 26597.0766892 54.4845202306 19226 26668 18388 26609 448.00000000000006 18778.4839838 26634.5592427 2.0 18363.6186064 26556.7262922 3.0
18364.8867074 26559.4451007 55.0 17790.0465011 26513.6159276 56.0 18077.4666043 26536.5305142 55.5928857625 18388 26609 18195 26322 448.00000000000006 18363.6186064 26556.7262922 3.0 17793.6621573 26511.9050711 4.0
17790.0465011 26513.6159276 56.0 17379.8756667 26693.6101241 58.0 17584.9610839 26603.6130259 57.1387868174 18195 26322 17673 26569 448.0 17793.6621573 26511.9050711 4.0 17384.4771389 26691.6539916 5.0
17379.8756667 26693.6101241 58.0 16968.3175493 26870.5704508 59.0 17174.096608 26782.0902874 58.499996642 17673 26569 16989 26861 448.0 17384.4771389 26691.6539916 5.0 16971.9477352 26868.8906443 4.0
16968.3175493 26870.5704508 59.0 16561.8948534 27059.0490684 60.0 16765.1062014 26964.8097596 59.5000002569 16989 26861 16667 27010 448.0 16971.9477352 26868.8906443 4.0 16564.6134029 27057.780412 3.0
16561.8948534 27059.0490684 60.0 16155.9248067 27248.5017569 61.0 16358.9098301 27153.7754126 60.5 16667 27010 16667 27010 448.0 16564.6134029 27057.780412 3.0 16157.737173 27247.6559859 2.0
16155.9248067 27248.5017569 61.0 15750.0921653 27438.2463084 62.0 15953.008486 27343.3740326 61.4999996727 16667 27010 15863 27385 448.0 16157.737173 27247.6559859 2.0 15752.8055723 27436.9666903 3.0
15750.0921653 27438.2463084 62.0 15472.7334573 27567.190127 64.0 15611.4128113 27502.7182177 62.7437397678 15863 27385 15534 27539 448.0 15752.8055723 27436.9666903 3.0 15474.5503535 27566.3541318 2.0
15378.5214048 27836.8062034 65.0 15402.6972222 28133.823842 66.0 15390.6093135 27985.3150227 65.4999999876 15370 27733 15392 28001 298.0 15378.2759617 27839.7961461 3.0 15402.5366682 28135.8173872 2.0
15402.6972222 28133.823842 66.0 15426.6197644 28430.8620751 67.0 15414.6584933 28282.3429586 66.5 15392 28001 15392 28001 298.0 15402.5366682 28135.8173872 2.0 15426.3789335 28433.8523929 3.0
15426.6197644 28430.8620751 67.0 15451.3888465 28727.8308419 68.0 15439.0043055 28579.3464585 67.4999999986 15392 28001 15428 28448 298.0 15426.3789335 28433.8523929 3.0 15451.2222632 28729.8238923 2.0
15451.3888465 28727.8308419 68.0 15476.3106437 29024.7868946 69.0 15463.8497451 28876.3088682 68.4999999996 15428 28448 15476 29021 298.0 15451.2222632 28729.8238923 2.0 15476.0653738 29027.7768516 3.0
15476.3106437 29024.7868946 69.0 15500.8416615 29321.7752277 70.0 15488.5761526 29173.2810612 69.4999999202 15476 29021 15497 29277 298.0 15476.0653738 29027.7768516 3.0 15500.4997226 29325.7605856 4.0
15500.8416615 29321.7752277 70.0 15527.4659922 29618.3949293 71.0 15514.1538269 29470.0850785 70.5001256312 15497 29277 15526 29615 298.0 15500.4997226 29325.7605856 4.0 15526.2766841 29621.1491163 3.0
15527.4659922 29618.3949293 71.0 15324.6001106 29682.242944 72.0 15426.0330514 29650.3189366 71.528350529 15526 29615 15375 29785 298.0 15526.2766841 29621.1491163 3.0 15322.8386707 29678.6516588 4.0
15324.6001106 29682.242944 72.0 15193.3728387 29414.6921954 73.0 15258.9864747 29548.4675697 72.5 15375 29785 15375 29785 298.0 15322.8386707 29678.6516588 4.0 15191.1710388 29410.2030888 5.0
15193.3728387 29414.6921954 73.0 15061.6869957 29147.3739914 74.0 15127.5299172 29281.0330934 73.4999998612 15375 29785 15065 29154 298.0 15191.1710388 29410.2030888 5.0 15059.8981413 29143.7962826 4.0
15061.6869957 29147.3739914 74.0 14929.1630612 28880.4648912 75.0 14995.4250285 29013.9194413 74.4999997627 15065 29154 14985 28994 298.0 15059.8981413 29143.7962826 4.0 14926.9564629 28875.9781413 5.0
14929.1630612 28880.4648912 75.0 14797.3403712 28613.207011 76.0 14863.2517162 28746.8359511 75.5000000019 14985 28994 14925 28872 298.0 14926.9564629 28875.9781413 5.0 14795.5708033 28609.6197238 4.0
14797.3403712 28613.207011 76.0 14665.5229447 28345.9465729 77.0 14731.431658 28479.576792 76.4999999859 14925 28872 14736 28489 298.0 14795.5708033 28609.6197238 4.0 14664.1971242 28343.2554393 3.0
14665.5229447 28345.9465729 77.0 14533.8247725 28078.6273042 78.0 14599.6738586 28212.2869386 77.5 14736 28489 14736 28489 298.0 14664.1971242 28343.2554393 3.0 14532.9408922 28076.8332151 2.0
14533.8247725 28078.6273042 78.0 14402.3112742 27811.2176129 79.0 14468.0680234 27944.9224586 78.4999998796 14736 28489 14426 27859 298.0 14532.9408922 28076.8332151 2.0 14400.9787524 27808.5297912 3.0
14402.3112742 27811.2176129 79.0 14269.4165217 27544.492768 80.0 14335.863898 27677.8551905 79.5000016651 14426 27859 14309 27623 298.0 14400.9787524 27808.5297912 3.0 14268.5160967 27542.7069252 2.0
14269.4165217 27544.492768 80.0 14060.4469042 27460.515346 81.0 14164.931713 27502.504057 80.4960313247 14309 27623 14062 27461 298.0 14268.5160967 27542.7069252 2.0 14057.5831031 27459.6216776 3.0
13830.5821488 27461.8740447 82.0 13832.0127281 27461.1640534 84.0 13831.2974385 27461.5190491 83.3182239002 13921 27417 13786 27484 198.0 13832.3736494 27460.9849296 2.0 13834.699979 27462.4977261 3.0
13851.3163111 27285.884638 85.0 13828.3298922 27055.6721928 86.0 13839.8231016 27170.7784154 85.4255642786 13921 27417 13759 27082 298.0 13849.4390882 27282.3524949 4.0 13833.0042029 27057.4472475 5.0
13828.3298922 27055.6721928 86.0 13942.939342 26885.8786841 87.0 13885.6346171 26970.7754385 86.4934272124 13759 27082 13996 26992 298.0 13833.0042029 27057.4472475 5.0 13941.1504877 26882.3009753 4.0
13942.939342 26885.8786841 87.0 13809.3231302 26619.5187904 88.0 13876.1312361 26752.6987372 87.5000003198 13996 26992 13812 26625 298.0 13941.1504877 26882.3009753 4.0 13808.0066243 26616.8230878 3.0
13809.3231302 26619.5187904 88.0 13677.6286788 26352.2048197 89.0 13743.4759045 26485.861805 88.4999962952 13812 26625 13707 26410 298.0 13808.0066243 26616.8230878 3.0 13676.7225791 26350.4218493 2.0
13677.6286788 26352.2048197 89.0 13773.4900958 26310.5371106 91.0 13725.5593873 26331.3709651 89.8705424338 13707 26410 13676 26349 298.0 13676.7225791 26350.4218493 2.0 13774.4203164 26310.9041117 1.0
13773.4900958 26310.5371106 91.0 14050.6958112 26201.1707932 92.0 13912.0929535 26255.8539519 91.5 13676 26349 13676 26349 298.0 13774.4203164 26310.9041117 1.0 14050.6958112 26201.1707932 0.0
14050.6958112 26201.1707932 92.0 14327.9015265 26091.8044759 93.0 14189.2986689 26146.4876346 92.5 13676 26349 13676 26349 298.0 14050.6958112 26201.1707932 0.0 14328.8317471 26092.1714769 1.0
14327.9015265 26091.8044759 93.0 14617.1925261 26046.0 94.0 14472.5470263 26068.9022379 93.4983102315 13676 26349 14444 26046 298.0 14328.8317471 26092.1714769 1.0 14617.1925261 26048.0 2.0
14519.0375942 25673.5543792 96.0 14588.1945373 25667.8919237 98.0 14553.6160658 25670.7231515 97.6408384243 14534 25698 14534 25698 198.0 14519.0375942 25673.5543792 0.0 14589.0686946 25668.3775666 1.0
14682.0 25435.4473163 99.0 14682.0 24987.4473163 100.0 14682.0 25211.4473163 99.5 14682 25668 14682 25198 448.0 14682.0 25435.4473163 0.0 14683.0 24987.4473163 1.0
14682.0 24987.4473163 100.0 14677.1979231 24539.5003075 101.0 14679.5989615 24763.4738119 100.499995705 14682 25198 14680 24674 447.99999999999994 14683.0 24987.4473163 1.0 14677.1562654 24537.5007414 2.0
14677.1979231 24539.5003075 101.0 14669.4408195 24091.5675295 102.0 14673.3193713 24315.5339185 101.50000002 14680 24674 14677 24530 448.0 14677.1562654 24537.5007414 2.0 14669.389103 24088.5679753 3.0
14669.4408195 24091.5675295 102.0 14744.0625864 23651.7265961 103.0 14706.751703 23871.6470628 102.500315403 14677 24530 14744 23652 448.0 14669.389103 24088.5679753 3.0 14744.9551612 23655.6257384 4.0
14744.0625864 23651.7265961 103.0 14733.8980039 23207.0372443 104.0 14738.9802952 23429.3819202 103.497427734 14744 23652 14741 23288 448.0 14744.9551612 23655.6257384 4.0 14733.6358526 23204.0487201 3.0
14733.8980039 23207.0372443 104.0 14693.9070937 22760.8268482 105.0 14713.9025488 22983.9320462 104.500000008 14741 23288 14711 22946 448.0 14733.6358526 23204.0487201 3.0 14693.7232598 22758.8353148 2.0
14693.9070937 22760.8268482 105.0 14652.9089954 22314.7070531 106.0 14673.4080445 22537.7669506 105.500000121 14711 22946 14657 22361 448.0 14693.7232598 22758.8353148 2.0 14652.8209664 22313.7109352 1.0
14652.9089954 22314.7070531 106.0 14615.2211658 21868.3054988 107.0 14634.0650806 22091.5062759 106.500001574 14657 22361 14616 21882 448.0 14652.8209664 22313.7109352 1.0 14615.2211658 21868.3054988 0.0
14615.2211658 21868.3054988 107.0 14630.2865411 21422.008041 108.0 14622.7538535 21645.1567699 107.500628502 14616 21882 14604 21671 448.0 14615.2211658 21868.3054988 0.0 14630.1815527 21421.0135676 -1.0
14517.2588572 21038.1654118 109.0 13895.7247651 20782.7073175 110.0 14206.4918111 20910.4363646 109.500004706 14614 21078 14003 20825 672.0 14517.2588572 21038.1654118 0.0 13894.7944536 20782.3405472 1.0
13895.7247651 20782.7073175 110.0 13270.6908441 20535.898675 111.0 13583.2078046 20659.3029962 110.500000317 14003 20825 13308 20551 672.0 13894.7944536 20782.3405472 1.0 13270.6908441 20535.898675 0.0
13132.7467928 20798.0351373 112.0 13026.1526323 21074.6906855 113.0 13079.4497126 20936.3629114 112.499041645 13171 20723 13058 20962 298.0 13133.2009802 20797.1442311 1.0 13026.1526323 21074.6906855 0.0
13026.1526323 21074.6906855 113.0 12947.7552432 21386.4895135 115.0 12986.9539378 21230.5900995 113.659775882 13058 20962 12970 21342 298.0 13026.1526323 21074.6906855 0.0 12948.2024568 21385.5950863 1.0
12947.7552432 21386.4895135 115.0 12800.3087992 21645.2110524 116.0 12874.0320212 21515.850283 115.499978657 12970 21342 12818 21616 298.0 12948.2024568 21385.5950863 1.0 12800.3087992 21645.2110524 0.0
12621.2211547 21867.6020954 117.0 11786.9357764 21316.6872368 118.0 12204.0784655 21592.1446661 117.500914236 12696 21898 12036 21504 1009.0 12620.2947702 21867.2255163 1.0 11786.9357764 21316.6872368 0.0
11786.9357764 21316.6872368 118.0 10868.9799574 20928.424768 119.0 11327.9578669 21122.5560024 118.501163702 12036 21504 11552 21140 1009.0 11786.9357764 21316.6872368 0.0 10869.9351784 20928.7206613 -1.0
10868.9799574 20928.424768 119.0 9887.6238005 20754.5233526 120.0 10378.301879 20841.4740603 119.498779806 11552 21140 9944 20776 1009.0 10869.9351784 20928.7206613 -1.0 9889.49277597 20755.2353432 -2.0
9887.6238005 20754.5233526 120.0 9122.98892822 20178.63723 121.0 9505.30636436 20466.5802913 120.500899407 9944 20776 9356 20552 1009.0 9889.49277597 20755.2353432 -2.0 9123.51837043 20179.485576 -1.0
9122.98892822 20178.63723 121.0 8707.71230096 19269.2905384 122.0 8915.35061459 19723.9638842 121.498530811 9356 20552 8843 19730 1009.0 9123.51837043 20179.485576 -1.0 8708.27580901 19271.2095118 -2.0
8707.71230096 19269.2905384 122.0 8556.74776233 18278.7310353 123.0 8632.23003165 18774.0107869 122.499072742 8843 19730 8584 18848 1009.0 8708.27580901 19271.2095118 -2.0 8556.89121506 18281.7276036 -3.0
8556.74776233 18278.7310353 123.0 8651.68704605 17276.4735399 124.0 8604.21740419 17777.6022876 123.499652184 8584 18848 8548 18096 1008.9999999999999 8556.89121506 18281.7276036 -3.0 8651.43600597 17274.4893577 -2.0
8651.68704605 17276.4735399 124.0 8774.86044181 16275.2350625 125.0 8713.27374393 16775.8543012 124.49998593 8548 18096 8752 16404 1009.0 8651.43600597 17274.4893577 -2.0 8774.68563902 16274.250459 -1.0
8774.86044181 16275.2350625 125.0 8955.27680243 15282.9750283 126.0 8865.06862212 15779.1050454 125.49995032 8752 16404 8948 15300 1008.9999999999999 8774.68563902 16274.250459 -1.0 8955.27680243 15282.9750283 0.0
8955.27680243 15282.9750283 126.0 9439.63740814 14403.934803 127.0 9197.45710528 14843.4549156 126.500314317 8948 15300 9160 14804 1009.0 8955.27680243 15282.9750283 0.0 9440.21030904 14404.7544276 1.0
9439.63740814 14403.934803 127.0 10115.6668616 13664.9982354 128.0 9777.65213485 14034.4665192 127.49917114 9160 14804 9708 14020 1008.9999999999999 9440.21030904 14404.7544276 1.0 10115.6668616 13664.9982354 0.0
10346.5935056 13074.5034641 129.0 9994.8855779 12502.8092965 130.0 10170.7395417 12788.6563803 129.50028265 10544 13292 10277 12973 672.0 10347.2655861 13075.2439422 -1.0 9995.91456942 12504.5242824 -2.0
9994.8855779 12502.8092965 130.0 9649.16347041 11926.5626413 131.0 9822.02452416 12214.6859689 130.499999997 10277 12973 9659 11943 672.0 9995.91456942 12504.5242824 -2.0 9649.6769722 11927.4207299 -1.0
9649.16347041 11926.5626413 131.0 9302.97221793 11350.598733 132.0 9476.06784417 11638.5806872 131.49999996 9659 11943 9463 11616 672.0 9649.6769722 11927.4207299 -1.0 9304.00494154 11352.3114741 -2.0
9302.97221793 11350.598733 132.0 8953.99775444 10776.3558488 133.0 9128.48498619 11063.4772909 132.499994397 9463 11616 9020 10880 672.0 9304.00494154 11352.3114741 -2.0 8955.60919544 10778.8863147 -3.0
8953.99775444 10776.3558488 133.0 8608.4429676 10200.6058662 134.0 8781.22036102 10488.4808575 133.499907172 9020 10880 8623 10218 672.0 8955.60919544 10778.8863147 -3.0 8609.72655585 10202.1396201 -2.0
8608.4429676 10200.6058662 134.0 8175.64683582 9686.64683582 135.0 8392.04490171 9943.62635099 134.500002007 8623 10218 8192 9703 672.0 8609.72655585 10202.1396201 -2.0 8176.3539426 9687.3539426 -1.0
8175.64683582 9686.64683582 135.0 7700.47107887 9211.47107887 136.0 7938.05895734 9449.05895734 135.5 8192 9703 7971 9482 672.0 8176.3539426 9687.3539426 -1.0 7701.88529243 9212.88529243 -2.0
7837.5921342 8958.62434715 137.0 8018.03561429 8721.46586751 138.0 7927.81387424 8840.04510733 137.500000001 7669 9180 7883 8899 298.0 7836.9862616 8957.82878547 -1.0 8016.82482451 8719.87401698 -2.0
8018.03561429 8721.46586751 138.0 7925.29114959 8520.23915437 139.0 7971.66338194 8620.85251094 138.501853111 7883 8899 8080 8640 298.0 8016.82482451 8719.87401698 -2.0 7927.66342276 8522.07554214 -3.0
7925.29114959 8520.23915437 139.0 7952.64580106 8541.41451818 140.0 7938.96847533 8530.82683627 139.514371091 8080 8640 7717 8359 298.0 7927.66342276 8522.07554214 -3.0 7955.80883195 8538.96600115 -4.0
7952.64580106 8541.41451818 140.0 7997.09321208 8748.99927955 142.0 7974.86950657 8645.20689887 140.854115926 7717 8359 8080 8640 298.0 7955.80883195 8538.96600115 -4.0 7995.2770274 8751.38705534 -3.0
7997.09321208 8748.99927955 142.0 7816.63320666 8986.14518191 143.0 7906.86320937 8867.57223073 142.499999995 8080 8640 7883 8899 298.0 7995.2770274 8751.38705534 -3.0 7815.42146146 8987.73630528 -2.0
7755.63126911 9266.63126911 144.0 8227.22257481 9745.08729937 145.0 7991.42692196 9505.85928424 144.499944934 7669 9180 8192 9703 672.0 7757.75258946 9264.50994877 -3.0 8228.50616307 9743.55354542 -2.0
8227.22257481 9745.08729937 145.0 8649.98198722 10266.3010882 146.0 8438.60228102 10005.6941938 145.499707657 8192 9703 8623 10218 672.0 8228.50616307 9743.55354542 -2.0 8650.46967363 10265.4280694 -1.0
8649.98198722 10266.3010882 146.0 8995.89967294 10842.1549552 147.0 8822.94083008 10554.2280217 146.500009442 8623 10218 8892 10679 672.0 8650.46967363 10265.4280694 -1.0 8996.97396694 10840.4679779 -2.0
8995.89967294 10842.1549552 147.0 9343.2527188 11417.4027331 148.0 9169.57619587 11129.7788441 147.499999705 8892 10679 9097 11009 672.0 8996.97396694 10840.4679779 -2.0 9343.76908061 11416.5463626 -1.0
9343.2527188 11417.4027331 148.0 9689.27936391 11993.4656065 149.0 9516.26604136 11705.4341698 148.499999804 9097 11009 9659 11943 672.0 9343.76908061 11416.5463626 -1.0 9690.30835542 11991.7506207 -2.0
9689.27936391 11993.4656065 149.0 10035.0205116 12569.7008526 150.0 9862.14993774 12281.5832296 149.5 9659 11943 9989 12493 672.0 9690.30835542 11991.7506207 -2.0 10035.5350073 12568.8433597 -1.0
10035.0205116 12569.7008526 150.0 10399.0213562 13132.2668925 151.0 10217.0209339 12850.9838725 150.500472292 9989 12493 10318 13043 672.0 10035.5350073 12568.8433597 -1.0 10400.3655172 13130.7859363 -2.0
11198.4088501 13089.2254267 152.0 12133.1207128 12716.329116 153.0 11665.7647815 12902.7772714 152.500127493 10544 13292 12016 12788 1009.0 11197.4536548 13088.9294507 -1.0 12131.4147789 12715.2851863 -2.0
12807.0371587 12807.1957561 154.0 13440.918863 13027.0318933 155.0 13123.9780108 12917.1138247 154.499534612 12284 12624 13220 12936 672.0 12809.8685096 12806.2040646 -3.0 13444.6171904 13025.5079594 -4.0
13440.918863 13027.0318933 155.0 14058.9521645 13289.6136761 156.0 13749.9355137 13158.3227847 155.499966481 13220 12936 14016 13264 672.0 13444.6171904 13025.5079594 -4.0 14061.5288054 13288.077147 -3.0
14058.9521645 13289.6136761 156.0 14622.6142113 13653.7924061 157.0 14340.7831879 13471.7030411 156.4996295 14016 13264 14452 13524 672.0 14061.5288054 13288.077147 -3.0 14625.7977307 13651.3705877 -4.0
14622.6142113 13653.7924061 157.0 15170.8404219 14026.4684279 158.0 14896.7273166 13840.130417 157.497407614 14452 13524 15104 14020 672.0 14625.7977307 13651.3705877 -4.0 15175.817172 14025.986807 -5.0
15170.8404219 14026.4684279 158.0 15839.715631 14091.1982869 159.0 15505.2780265 14058.8333574 158.5 15104 14020 15104 14020 672.0 15175.817172 14025.986807 -5.0 15843.6970311 14090.8129901 -4.0
15839.715631 14091.1982869 159.0 16317.1212298 13790.8615875 160.0 16078.4184304 13941.0299372 159.458376503 15104 14020 16270 13918 672.0 15843.6970311 14090.8129901 -4.0 16315.3835903 13786.1732393 -5.0
16317.1212298 13790.8615875 160.0 16585.2431695 13175.2444017 161.0 16451.1821997 13483.0529946 160.499935363 16270 13918 16565 13211 671.9999999999999 16315.3835903 13786.1732393 -5.0 16583.2724706 13171.7635475 -4.0
16585.2431695 13175.2444017 161.0 16858.0 12576.3855952 162.0 16721.6215848 12875.8149984 161.502928317 16565 13211 16858 12703 672.0 16583.2724706 13171.7635475 -4.0 16855.0 12576.3855952 -3.0
16858.0 12576.3855952 162.0 17233.8898627 12084.0377457 163.0 17045.9449313 12330.2116705 162.502797418 16858 12703 17229 12092 672.0 16855.0 12576.3855952 -3.0 17232.8432186 12082.3334758 -2.0
17233.8898627 12084.0377457 163.0 17701.163836 11624.5418241 164.0 17467.5268494 11854.2897849 163.499103962 17229 12092 17647 11647 672.0 17232.8432186 12082.3334758 -2.0 17700.2400939 11624.1588091 -1.0
17589.5429686 11252.5724863 165.0 17782.3043479 10876.6651674 166.0 17685.9236582 11064.6188268 165.517033768 17685 11466 17744 10900 448.0 17589.5429686 11252.5724863 0.0 17783.1583568 10877.1854257 1.0
17782.3043479 10876.6651674 166.0 18185.465827 10684.2495847 167.0 17983.8850875 10780.457376 166.500841107 17744 10900 17918 10794 448.0 17783.1583568 10877.1854257 1.0 18185.465827 10684.2495847 0.0
18185.465827 10684.2495847 167.0 17839.1071527 10842.0611598 169.0 18012.2864899 10763.1553723 168.206059048 17918 10794 17918 10794 448.0 18185.465827 10684.2495847 0.0 17839.9611617 10841.5409015 1.0
17839.1071527 10842.0611598 169.0 17453.2889719 11039.3070014 170.0 17646.1980623 10940.6840806 169.507267384 17918 10794 17660 10992 448.0 17839.9611617 10841.5409015 1.0 17453.2889719 11039.3070014 0.0
17453.2889719 11039.3070014 170.0 17041.9068829 10974.7477422 171.0 17247.5979274 11007.0273718 170.497412216 17660 10992 17147 10999 448.0 17453.2889719 11039.3070014 0.0 17040.9324917 10974.5228827 1.0
17041.9068829 10974.7477422 171.0 16609.2702139 11025.0656532 172.0 16825.5885484 10999.9066977 171.498997725 17147 10999 16900 10942 448.0 17040.9324917 10974.5228827 1.0 16609.2702139 11025.0656532 0.0
16456.8628847 10843.7686531 173.0 16418.5325372 10550.4654208 174.0 16437.6977109 10697.1170369 173.499188742 16456 10854 16463 10771 298.0 16456.9469237 10844.7651156 1.0 16418.1372234 10548.5048782 2.0
16418.5325372 10550.4654208 174.0 16355.6442031 10259.2055182 175.0 16387.0883701 10404.8354695 174.500005035 16463 10771 16389 10404 298.0 16418.1372234 10548.5048782 2.0 16355.4197163 10258.2310411 1.0
16355.6442031 10259.2055182 175.0 16287.848028 9969.0202025 176.0 16321.7461156 10114.1128603 175.500000144 16389 10404 16345 10213 298.0 16355.4197163 10258.2310411 1.0 16287.848028 9969.0202025 0.0
16287.848028 9969.0202025 176.0 16219.8817273 9678.87440818 177.0 16253.8648777 9823.94730534 176.5 16345 10213 16345 10213 298.0 16287.848028 9969.0202025 0.0 16220.1098021 9679.84805178 -1.0
16219.8817273 9678.87440818 177.0 16143.4014723 9390.91116517 178.0 16181.6415998 9534.89278667 177.499964532 16345 10213 16200 9594 298.0 16220.1098021 9679.84805178 -1.0 16143.4014723 9390.91116517 0.0
16143.4014723 9390.91116517 178.0 16048.2222672 9115.98134441 179.0 16095.8118697 9253.44625479 178.505816471 16200 9594 16090 9159 298.0 16143.4014723 9390.91116517 0.0 16048.9189514 9116.69872228 -1.0
16048.2222672 9115.98134441 179.0 15840.6103515 8902.20273819 180.0 15944.4163093 9009.0920413 179.5 16090 9159 16090 9159 298.0 16048.9189514 9116.69872228 -1.0 15842.0037201 8903.63749394 -2.0
15840.6103515 8902.20273819 180.0 15656.1014479 8675.63764524 181.0 15748.3558997 8788.92019171 180.503336907 16090 9159 15657 8699 298.0 15842.0037201 8903.63749394 -2.0 15656.139881 8676.63690641 -1.0
15656.1014479 8675.63764524 181.0 15723.1091149 8442.22255736 182.0 15689.6052814 8558.9301013 181.55081492 15657 8699 15647 8455 298.0 15656.139881 8676.63690641 -1.0 15721.1367175 8441.89142495 -2.0
15723.1091149 8442.22255736 182.0 15828.38544 8664.05019525 183.0 15775.7472775 8553.1363763 182.474797256 15647 8455 15784 8432 298.0 15721.1367175 8441.89142495 -2.0 15828.949048 8661.10361315 -3.0
15828.38544 8664.05019525 183.0 15785.0149402 8437.30617861 184.0 15806.7001901 8550.67818693 183.505676439 15784 8432 15841 8730 298.0 15828.949048 8661.10361315 -3.0 15785.7664175 8441.23495474 -4.0
15785.0149402 8437.30617861 184.0 15495.7600661 8430.64398763 186.0 15640.3875032 8433.97508312 184.649547782 15841 8730 15548 8445 298.0 15785.7664175 8441.23495474 -4.0 15500.5813282 8431.96891463 -5.0
15332.6144054 8722.94372885 187.0 15148.9389953 9129.34388 188.0 15240.7767004 8926.14380443 187.499094221 15339 8698 15223 8986 448.0 15331.6223958 8726.81876651 -4.0 15147.5619352 9132.00915772 -3.0
15148.9389953 9129.34388 188.0 14964.3059431 9537.25419657 189.0 15056.6224692 9333.29903829 188.499898215 15223 8986 15084 9256 448.0 15147.5619352 9132.00915772 -3.0 14962.7395959 9540.93476126 -4.0
14964.3059431 9537.25419657 189.0 14779.3502181 9935.92304194 190.0 14871.8280806 9736.58861925 189.496149771 15084 9256 14850 9778 448.0 14962.7395959 9540.93476126 -4.0 14777.3083878 9940.4871332 -5.0
14779.3502181 9935.92304194 190.0 14596.7990735 10345.042523 191.0 14688.0746458 10140.4827825 190.499999795 14850 9778 14663 10196 448.0 14777.3083878 9940.4871332 -5.0 14595.1753429 10348.698135 -4.0
14090.733067 11292.453894 193.0 14323.8928974 11478.035316 194.0 14207.3129822 11385.244605 193.500000008 14045 11256 14183 11366 298.0 14093.86096 11289.960646 -4.0 14327.8064246 11474.9233545 -5.0
14323.8928974 11478.035316 194.0 14512.3563557 11657.8318529 195.0 14418.1246265 11567.9335844 194.466764203 14183 11366 14444 11670 298.0 14327.8064246 11474.9233545 -5.0 14508.4182637 11657.1308313 -4.0
14512.3563557 11657.8318529 195.0 14724.4234024 11781.8829459 196.0 14618.3898791 11719.8573994 195.511525799 14444 11670 14698 11712 298.0 14508.4182637 11657.1308313 -4.0 14726.1917627 11777.2060984 -5.0
14724.4234024 11781.8829459 196.0 14920.3539173 11853.9347014 197.0 14822.3886599 11817.9088236 196.466056016 14698 11712 14774 11913 298.0 14726.1917627 11777.2060984 -5.0 14916.6446054 11852.4377027 -4.0
14920.3539173 11853.9347014 197.0 15196.6976565 11742.4083017 198.0 15058.5257869 11798.1715015 197.5 14774 11913 14774 11913 298.0 14916.6446054 11852.4377027 -4.0 15192.0610166 11740.5370533 -5.0
15196.6976565 11742.4083017 198.0 15000.6562608 11821.5263997 199.0 15098.6769587 11781.9673507 198.467470682 14774 11913 15277 11710 298.0 15192.0610166 11740.5370533 -5.0 14996.9469489 11823.0233984 -4.0
15000.6562608 11821.5263997 199.0 14755.049777 11862.881647 201.0 14877.8530189 11842.2040233 199.647650569 15277 11710 14774 11913 298.0 14996.9469489 11823.0233984 -4.0 14756.8181372 11867.5584944 -5.0
14755.049777 11862.881647 201.0 14597.6115252 11642.65554 202.0 14676.3306511 11752.7685935 201.49114247 14774 11913 14635 11636 298.0 14756.8181372 11867.5584944 -5.0 14593.6734332 11643.3565616 -4.0
14597.6115252 11642.65554 202.0 14302.5213114 11681.8276567 203.0 14450.0664183 11662.2415984 202.499875684 14635 11636 14434 11671 298.0 14593.6734332 11643.3565616 -4.0 14299.5314329 11682.073882 -3.0
14302.5213114 11681.8276567 203.0 14008.4471843 11717.0 204.0 14155.4842479 11699.4138284 203.499027309 14434 11671 14131 11717 298.0 14299.5314329 11682.073882 -3.0 14008.4471843 11719.0 -2.0
13724.4824292 11787.9776337 205.0 13434.0860017 12393.123107 206.0 13579.2842155 12090.5503703 205.500042654 13752 11736 13536 12144 672.0 13723.0787661 11790.6289974 -3.0 13433.328736 12394.9742009 -2.0
13434.0860017 12393.123107 206.0 13134.0718916 12915.0985682 207.0 13284.0789466 12654.1108376 206.506114033 13536 12144 13220 12936 672.0 13433.328736 12394.9742009 -2.0 13136.9868944 12915.807623 -3.0
13134.0718916 12915.0985682 207.0 12498.0680055 12698.9781339 208.0 12816.0699485 12807.0383511 207.49996419 13220 12936 13072 12900 672.0 13136.9868944 12915.807623 -3.0 12501.84314 12700.3003891 -4.0
11685.6501807 12915.8773494 209.0 10728.885952 13234.7113951 210.0 11207.2680664 13075.2943723 209.499805666 12016 12788 11396 13028 1009.0 11682.8524764 12916.9603317 -3.0 10725.0651706 13235.8952993 -4.0
10228.7417149 13000.8949625 211.0 10037.581182 13193.6236398 212.0 10133.1614485 13097.2593011 211.489704401 10277 12973 10037 13182 298.0 10224.4128714 13003.3971842 -5.0 10037.7809325 13189.6286305 -4.0
10037.581182 13193.6236398 212.0 10152.1326453 13045.1776617 214.0 10094.8569137 13119.4006507 213.102496943 10037 13182 10104 13073 298.0 10037.7809325 13189.6286305 -4.0 10147.8038018 13042.6754399 -5.0
9863.04967258 13884.9806679 216.0 9247.73038742 14678.4879129 217.0 9555.39003 14281.7342904 216.499917854 10544 13292 9708 14020 1009.0 9860.78725486 13886.9508116 -3.0 9245.43878382 14681.7664115 -4.0
9247.73038742 14678.4879129 217.0 8892.68203163 15611.5869239 218.0 9070.20620952 15145.0374184 217.498682002 9708 14020 8948 15300 1009.0 9245.43878382 14681.7664115 -4.0 8891.80801768 15616.5099412 -5.0
8892.68203163 15611.5869239 218.0 8728.68275254 16606.8600529 219.0 8810.68239208 16109.2234884 218.500017137 8948 15300 8752 16404 1009.0 8891.80801768 15616.5099412 -5.0 8728.22598985 16610.8338883 -4.0
8728.68275254 16606.8600529 219.0 8609.64107109 17608.7984574 220.0 8669.16191181 17107.8292551 219.500002346 8752 16404 8652 17274 1008.9999999999999 8728.22598985 16610.8338883 -4.0 8609.01347089 17613.7589128 -5.0
8609.64107109 17608.7984574 220.0 8572.76541746 18613.3220536 221.0 8591.20324427 18111.0602555 220.499367 8652 17274 8548 18096 1009.0 8609.01347089 17613.7589128 -5.0 8572.95668777 18609.3266292 -4.0
8572.76541746 18613.3220536 221.0 8802.09262923 19590.6938184 222.0 8687.42902334 19102.007936 221.499127832 8548 18096 8584 18848 1009.0 8572.95668777 18609.3266292 -4.0 8803.50139934 19585.8963851 -5.0
8802.09262923 19590.6938184 222.0 9300.33841039 20462.8112541 223.0 9051.21551981 20026.7525363 222.500386933 8584 18848 8843 19730 1009.0 8803.50139934 19585.8963851 -5.0 9302.45617924 20459.4178701 -4.0
9300.33841039 20462.8112541 223.0 10218.6332923 20773.3844448 224.0 9759.48585135 20618.0978495 223.506453403 8843 19730 9944 20776 1009.0 9302.45617924 20459.4178701 -4.0 10215.6334284 20773.3558747 -3.0
10218.6332923 20773.3844448 224.0 11188.9543403 21027.5414118 225.0 10703.7938163 20900.4629283 224.499833404 9944 20776 10364 20772 1009.0 10215.6334284 20773.3558747 -3.0 11192.7752242 21026.3578383 -4.0
11188.9543403 21027.5414118 225.0 12053.8809482 21518.99296 226.0 11621.4176443 21273.2671859 225.507088427 10364 20772 12036 21504 1009.0 11192.7752242 21026.3578383 -4.0 12056.1797738 21517.0654224 -3.0
12680.3746042 20869.0 228.0 12975.7485458 20885.6638712 229.0 12828.061575 20877.3319356 228.499148453 12603 20869 12950 20874 298.0 12680.3746042 20868.0 -1.0 12977.5703437 20884.8386123 -2.0
12975.7485458 20885.6638712 229.0 13208.5441647 21020.9760645 230.0 13092.1463552 20953.3199678 229.489331001 12950 20874 13058 20962 298.0 12977.5703437 20884.8386123 -2.0 13211.3374679 21019.8817808 -3.0
13208.5441647 21020.9760645 230.0 13486.012288 21129.674917 231.0 13347.2782263 21075.3254907 230.5 13058 20962 13058 20962 298.0 13211.3374679 21019.8817808 -3.0 13489.7366924 21128.215872 -4.0
13486.012288 21129.674917 231.0 13758.7832108 21249.5174126 232.0 13622.3977494 21189.5961648 231.500059736 13058 20962 13543 21152 298.0 13489.7366924 21128.215872 -4.0 13763.3395336 21247.4583052 -5.0
13758.7832108 21249.5174126 232.0 13792.1758513 21474.8496483 233.0 13775.4795311 21362.1835305 232.510404609 13543 21152 13811 21424 298.0 13763.3395336 21247.4583052 -5.0 13790.7871813 21478.6008609 -4.0
13792.1758513 21474.8496483 233.0 13676.3883235 21922.3944302 235.0 13734.2820874 21698.6220393 233.971203455 13811 21424 13680 21887 298.0 13790.7871813 21478.6008609 -4.0 13676.0837824 21925.3789326 -3.0
13676.3883235 21922.3944302 235.0 13930.8376049 22060.0265642 236.0 13803.6129642 21991.2104972 235.487891174 13680 21887 13926 22058 298.0 13676.0837824 21925.3789326 -3.0 13934.5269557 22058.4810253 -4.0
13930.8376049 22060.0265642 236.0 14205.909578 22174.6523414 237.0 14068.3735914 22117.3394528 236.500000594 13926 22058 14074 22120 298.0 13934.5269557 22058.4810253 -4.0 14210.5288072 22172.7385176 -5.0
14205.909578 22174.6523414 237.0 14481.2156384 22288.7162406 238.0 14343.5626082 22231.684291 237.5 14074 22120 14074 22120 298.0 14210.5288072 22172.7385176 -5.0 14484.9110217 22287.1851816 -4.0
14671.9146931 22522.5758417 239.0 14712.9902287 22968.6886074 240.0 14692.4524609 22745.6322246 239.500000184 14657 22361 14711 22946 448.0 14672.1904439 22519.5885417 -3.0 14713.1649962 22966.696258 -2.0
14712.9902287 22968.6886074 240.0 14750.9488229 23415.0736022 241.0 14731.9695258 23191.8811048 240.500000668 14711 22946 14741 23288 448.00000000000006 14713.1649962 22966.696258 -2.0 14751.0268759 23414.0766529 -1.0
14750.9488229 23415.0736022 241.0 14701.826355 23856.1448901 242.0 14726.387589 23635.6092462 241.501482855 14741 23288 14744 23652 448.0 14751.0268759 23414.0766529 -1.0 14701.4217256 23858.1035313 -2.0
14474.1026855 23993.4510883 243.0 14176.9380472 23971.1536052 244.0 14325.5203664 23982.3023467 243.5 14668 24008 14668 24008 298.0 14477.0942759 23993.6755596 -3.0 14178.9324408 23971.3032527 -2.0
14176.9380472 23971.1536052 244.0 13916.8528545 24005.3242696 245.0 14046.8954509 23988.2389374 244.527672789 14668 24008 13935 23953 298.0 14178.9324408 23971.3032527 -2.0 13916.5251812 24006.2690607 -1.0
13961.0528383 24177.0544367 246.0 13894.2517709 24363.4404978 247.0 13927.6523046 24270.2474673 246.500001212 13966 24163 13922 24288 198.0 13961.0528383 24177.0544367 0.0 13894.5969763 24362.5019707 1.0
13894.2517709 24363.4404978 247.0 13763.6706037 24461.8953585 249.0 13828.9611873 24412.6679282 247.882574916 13922 24288 13853 24476 198.0 13894.5969763 24362.5019707 1.0 13761.6950778 24461.5834333 2.0
13636.6764058 24613.9314042 250.0 13429.5797803 24399.6535758 251.0 13533.128093 24506.79249 250.5 13687 24666 13687 24666 298.0 13634.5915404 24611.7742448 3.0 13426.7999598 24396.7773633 4.0
13429.5797803 24399.6535758 251.0 13222.4831548 24185.3757475 252.0 13326.0314676 24292.5146616 251.5 13687 24666 13687 24666 298.0 13426.7999598 24396.7773633 4.0 13219.0083792 24181.7804819 5.0
13222.4831548 24185.3757475 252.0 13015.3865294 23971.0979191 253.0 13118.9348421 24078.2368333 252.5 13687 24666 13687 24666 298.0 13219.0083792 24181.7804819 5.0 13012.6067089 23968.2217066 4.0
13015.3865294 23971.0979191 253.0 12808.2899039 23756.8200907 254.0 12911.8382167 23863.9590049 253.5 13687 24666 13687 24666 298.0 13012.6067089 23968.2217066 4.0 12804.8151283 23753.2248252 5.0
12808.2899039 23756.8200907 254.0 12601.0875779 23542.644475 255.0 12704.6887409 23649.7322829 254.499999998 13687 24666 12793 23741 298.0 12804.8151283 23753.2248252 5.0 12598.3062255 23539.7697439 4.0
12601.0875779 23542.644475 255.0 12393.876826 23328.4770072 256.0 12497.4822019 23435.5607411 255.5 12793 23741 12793 23741 298.0 12598.3062255 23539.7697439 4.0 12390.4001355 23324.8835933 5.0
12393.876826 23328.4770072 256.0 12190.4130148 23168.3353932 257.0 12292.1449204 23248.4062002 256.523926162 12793 23741 12361 23231 298.0 12390.4001355 23324.8835933 5.0 12186.6583358 23166.9561234 4.0
12190.4130148 23168.3353932 257.0 12271.3064916 22909.8010165 258.0 12230.8597532 23039.0682048 257.499900454 12361 23231 12165 23159 298.0 12186.6583358 23166.9561234 4.0 12273.2683976 22914.4000299 5.0
12271.3064916 22909.8010165 258.0 12156.1029596 22730.180535 259.0 12213.7047256 22819.9907757 258.579527387 12165 23159 12204 22750 298.0 12273.2683976 22914.4000299 5.0 12152.4068922 22728.6511278 4.0
11980.7102475 22525.0488173 260.0 12252.1585816 21910.3398414 261.0 12116.4344145 22217.6943294 260.500001566 11931 22639 12191 22043 672.0 11982.7095 22529.6317192 5.0 12253.8332524 21913.9723994 4.0
11747.619456 21287.1187644 262.0 10821.9886422 20913.8685356 263.0 11284.8040491 21100.49365 262.501283146 12036 21504 11552 21140 1009.0 11745.2218359 21285.3155956 3.0 10820.0782002 20913.2767489 2.0
10821.9886422 20913.8685356 263.0 9841.65244014 20737.0104534 264.0 10331.8205412 20825.4394945 263.500189931 11552 21140 9944 20776 1009.0 10820.0782002 20913.2767489 2.0 9840.71795241 20736.6544581 1.0
9841.65244014 20737.0104534 264.0 9096.94345122 20136.9035417 265.0 9469.29794568 20436.9569976 264.506065962 9944 20776 9356 20552 1009.0 9840.71795241 20736.6544581 1.0 9096.94345122 20136.9035417 0.0
8505.544594 19629.171372 266.0 7858.78595967 19631.5864136 267.0 8182.16527684 19630.3788928 266.515270709 8600 19650 7881 19607 672.0 8506.52113326 19629.3867114 -1.0 7857.44515591 19633.07041 -2.0
7858.78595967 19631.5864136 267.0 7457.58678044 20169.8148187 268.0 7658.18637005 19900.7006161 267.500189226 7881 19607 7465 20158 672.0 7857.44515591 19633.07041 -2.0 7455.99230722 20172.3560104 -3.0
7457.58678044 20169.8148187 268.0 6967.36873728 20620.6055156 269.0 7212.47775886 20395.2101671 268.501165896 7465 20158 7057 20530 672.0 7455.99230722 20172.3560104 -3.0 6964.55564005 20623.44919 -4.0
6967.36873728 20620.6055156 269.0 6421.43690603 20981.933082 270.0 6694.40282166 20801.2692988 269.506367132 7057 20530 6458 20971 672.0 6964.55564005 20623.44919 -4.0 6418.56265277 20982.7925401 -3.0
6421.43690603 20981.933082 270.0 5777.71705938 21174.7196553 271.0 6099.5769827 21078.3263687 270.500011919 6458 20971 5843 21157 672.0 6418.56265277 20982.7925401 -3.0 5773.85673428 21175.7674578 -4.0
5777.71705938 21174.7196553 271.0 5110.92484324 21234.1160329 272.0 5444.32095131 21204.4178441 271.49965971 5843 21157 5470 21222 672.0 5773.85673428 21175.7674578 -4.0 5107.9265496 21234.2172023 -3.0
5110.92484324 21234.1160329 272.0 4441.41049879 21285.8563375 273.0 4776.16767102 21259.9861852 272.500165845 5470 21222 4449 21285 672.0 5107.9265496 21234.2172023 -3.0 4439.42310954 21286.0805783 -2.0
3801.61966624 21336.9527228 274.0 3712.90791437 21052.4633116 275.0 3757.26379031 21194.7080172 274.5 3806 21351 3806 21351 298.0 3802.51273757 21339.8167101 -3.0 3713.50329525 21054.3726365 -2.0
3712.90791437 21052.4633116 275.0 3654.51695606 20779.57643 276.0 3683.71243522 20916.0198708 275.51189509 3806 21351 3632 20793 298.0 3713.50329525 21054.3726365 -2.0 3651.94011514 20778.0402364 -3.0
3654.51695606 20779.57643 276.0 3650.91949003 20546.5397347 277.0 3652.71822305 20663.0580824 276.516292937 3632 20793 3736 20731 298.0 3651.94011514 20778.0402364 -3.0 3651.75715997 20548.3558594 -2.0
3650.91949003 20546.5397347 277.0 3794.35700067 20347.9405765 278.0 3722.63824535 20447.2401556 277.507551841 3736 20731 3617 20473 298.0 3651.75715997 20548.3558594 -2.0 3793.53974253 20347.3643047 -1.0
3794.35700067 20347.9405765 278.0 3685.78345614 20227.5078753 279.0 3740.07022841 20287.7242259 278.506997267 3617 20473 3803 20209 298.0 3793.53974253 20347.3643047 -1.0 3685.78345614 20227.5078753 0.0
3685.78345614 20227.5078753 279.0 3807.41596154 20338.7323348 281.0 3746.59970884 20283.1201051 279.83400543 3803 20209 3851 20308 298.0 3685.78345614 20227.5078753 0.0 3806.59870341 20339.3086066 -1.0
3807.41596154 20338.7323348 281.0 3644.22692956 20532.0298137 282.0 3725.82144555 20435.3810742 281.477499371 3851 20308 3617 20473 298.0 3806.59870341 20339.3086066 -1.0 3644.22692956 20532.0298137 0.0
3644.22692956 20532.0298137 282.0 3668.24206257 20771.394155 283.0 3656.23449606 20651.7119843 282.526636798 3617 20473 3736 20731 298.0 3644.22692956 20532.0298137 0.0 3667.38311559 20771.9062196 -1.0
3668.24206257 20771.394155 283.0 3708.15112128 21037.2087682 284.0 3688.19659192 20904.3014616 283.472069271 3736 20731 3632 20793 298.0 3667.38311559 20771.9062196 -1.0 3708.15112128 21037.2087682 0.0
3708.15112128 21037.2087682 284.0 3796.86287316 21321.6981794 285.0 3752.50699722 21179.4534738 284.5 3632 20793 3632 20793 298.0 3708.15112128 21037.2087682 0.0 3797.1605636 21320.743517 -1.0
4405.60453899 21289.8963905 286.0 5074.91217612 21235.3311842 287.0 4740.25835755 21262.6137874 286.500036871 3997 21336 4818 21244 672.0 4405.60453899 21289.8963905 0.0 5073.9127449 21235.2974611 -1.0
5074.91217612 21235.3311842 287.0 5742.94212917 21184.1585649 288.0 5408.92715265 21209.7448746 287.499628173 4818 21244 5703 21195 672.0 5073.9127449 21235.2974611 -1.0 5742.94212917 21184.1585649 0.0
5742.94212917 21184.1585649 288.0 6386.91409462 20992.2560795 289.0 6064.9281119 21088.2073222 288.499995787 5703 21195 6050 21093 672.0 5742.94212917 21184.1585649 0.0 6387.87217904 20992.5425656 1.0
6645.72669706 21117.3746462 290.0 6857.71963058 21250.5448483 291.0 6751.72316382 21183.9597472 290.49946842 6610 21129 6736 21088 298.0 6645.72669706 21117.3746462 0.0 6858.31903473 21249.7444017 -1.0
6857.71963058 21250.5448483 291.0 7105.31500588 21199.95483 292.0 6981.51731823 21225.2498391 291.468681277 6736 21088 7077 21216 298.0 6858.31903473 21249.7444017 -1.0 7103.5749615 21198.9688049 -2.0
7105.31500588 21199.95483 292.0 7357.14461827 21164.4841795 293.0 7231.22981208 21182.2195047 292.509594557 7077 21216 7264 21205 298.0 7103.5749615 21198.9688049 -2.0 7356.22761361 21164.085303 -1.0
7357.14461827 21164.4841795 293.0 7620.39603404 21028.9734384 294.0 7488.77032616 21096.7288089 293.5004353 7264 21205 7609 21038 298.0 7356.22761361 21164.085303 -1.0 7618.8282572 21027.7316349 -2.0
7620.39603404 21028.9734384 294.0 7854.41827391 20844.4826267 295.0 7737.40715398 20936.7280325 294.500001925 7609 21038 7846 20851 298.0 7618.8282572 21027.7316349 -2.0 7852.04610279 20842.6461071 -3.0
7854.41827391 20844.4826267 295.0 8109.508905 20748.7097537 296.0 7981.96358945 20796.5961902 295.500055536 7846 20851 8044 20726 298.0 7852.04610279 20842.6461071 -3.0 8111.39857739 20748.0546673 -2.0
8109.508905 20748.7097537 296.0 8401.57655376 20762.6468767 297.0 8255.54272938 20755.6783152 296.501032757 8044 20726 8344 20774 298.0 8111.39857739 20748.0546673 -2.0 8400.5954452 20762.4534187 -1.0
8472.74203455 21396.3060511 298.0 8651.49730974 22042.6950207 299.0 8562.11967215 21719.5005359 298.499508173 8455 21316 8645 21977 672.0000000000001 8472.74203455 21396.3060511 0.0 8651.39888882 22043.6901656 1.0
8651.49730974 22042.6950207 299.0 8613.11935314 22712.7654884 300.0 8632.30833144 22377.7302545 299.500194944 8645 21977 8654 22251 672.0 8651.39888882 22043.6901656 1.0 8613.29572568 22710.7732804 2.0
8613.11935314 22712.7654884 300.0 8555.23293 23382.2597233 301.0 8584.17614157 23047.5126058 300.500002785 8654 22251 8557 23364 672.0 8613.29572568 22710.7732804 2.0 8555.52190259 23379.2736733 3.0
8555.23293 23382.2597233 301.0 8388.92281348 24024.0558885 302.0 8472.07787174 23703.1578059 301.498979204 8557 23364 8404 24005 672.0 8555.52190259 23379.2736733 3.0 8390.16377785 24022.4874474 2.0
8388.92281348 24024.0558885 302.0 7849.07242205 24412.2411257 303.0 8118.99761776 24218.1485071 302.498899709 8404 24005 7869 24405 672.0 8390.16377785 24022.4874474 2.0 7851.89204156 24411.2165547 3.0
7849.07242205 24412.2411257 303.0 7218.85166544 24645.4562498 304.0 7533.96204374 24528.8486878 303.499998809 7869 24405 7525 24530 672.0 7851.89204156 24411.2165547 3.0 7220.72301305 24644.7505175 2.0
7218.85166544 24645.4562498 304.0 6589.94124011 24882.2166693 305.0 6904.39645278 24763.8364595 304.499999963 7525 24530 6878 24774 672.0 7220.72301305 24644.7505175 2.0 6592.7496033 24881.1616355 3.0
6153.87848845 24881.4515806 306.0 6052.83930823 24601.1034327 307.0 6103.35889834 24741.2775067 306.5 6193 24990 6193 24990 298.0 6152.52225785 24877.6885183 4.0 6051.82213527 24598.2811359 3.0
6052.83930823 24601.1034327 307.0 6304.53625648 24449.9875535 308.0 6178.68778235 24525.5454931 307.498859918 6193 24990 6051 24596 298.0 6051.82213527 24598.2811359 3.0 6308.00252739 24451.9837914 4.0
6304.53625648 24449.9875535 308.0 6207.76281686 24505.7197272 309.0 6256.14953667 24477.8536403 308.451512334 6051 24596 6466 24357 298.0 6308.00252739 24451.9837914 4.0 6212.09565551 24503.2244297 5.0
6207.76281686 24505.7197272 309.0 6090.70337136 24706.1628755 311.0 6149.23309411 24605.9413013 310.052286787 6466 24357 6051 24596 298.0 6212.09565551 24503.2244297 5.0 6089.34714076 24709.9259379 4.0
6090.70337136 24706.1628755 311.0 6191.74255159 24986.5110234 312.0 6141.22296148 24846.3369495 311.5 6051 24596 6051 24596 298.0 6089.34714076 24709.9259379 4.0 6190.72537864 24989.3333202 3.0
6825.68417829 24793.6537817 313.0 7454.4819708 24556.5941254 314.0 7140.08307455 24675.1239535 313.500000018 6508 24913 6878 24774 672.0 6829.42866255 24795.0604933 4.0 7457.28899222 24557.6527239 3.0
7454.4819708 24556.5941254 314.0 8069.65768627 24291.3763867 315.0 7762.06982853 24423.985256 314.499994874 6878 24774 8043 24308 672.0 7457.28899222 24557.6527239 3.0 8071.35475326 24292.43467 2.0
8069.65768627 24291.3763867 315.0 8492.48990248 23796.2604753 316.0 8281.07379438 24043.818431 315.493001416 8043 24308 8461 23895 672.0 8071.35475326 24292.43467 2.0 8492.79374376 23797.2131979 1.0
8492.48990248 23796.2604753 316.0 9050.20987706 23658.4874448 317.0 8771.34988977 23727.37396 316.483143339 8461 23895 9010 23682 672.0 8492.79374376 23797.2131979 1.0 9051.93637256 23659.4970057 2.0
9050.20987706 23658.4874448 317.0 9591.59761919 23264.3709448 318.0 9320.90374812 23461.4291948 317.499959702 9010 23682 9464 23382 672.0 9051.93637256 23659.4970057 2.0 9592.33286292 23265.0487476 1.0
9591.59761919 23264.3709448 318.0 10067.0089364 22789.4316439 319.0 9829.3032778 23026.9012943 318.499999913 9464 23382 9878 22978 672.0 9592.33286292 23265.0487476 1.0 10068.4247992 22790.8442063 2.0
10067.0089364 22789.4316439 319.0 10531.1247814 22303.935189 320.0 10299.0668589 22546.6834164 319.500019971 9878 22978 10436 22416 672.0 10068.4247992 22790.8442063 2.0 10531.7719151 22304.6975656 1.0
10531.1247814 22303.935189 320.0 10885.2266487 21737.7494908 321.0 10708.1757151 22020.8423399 320.499836408 10436 22416 10825 21824 672.0 10531.7719151 22304.6975656 1.0 10886.3716752 21739.3892817 2.0
10885.2266487 21737.7494908 321.0 10952.2369677 21136.804504 322.0 10918.7318082 21437.2769974 321.489071808 10825 21824 11018 21256 672.0 10886.3716752 21739.3892817 2.0 10951.7538904 21135.9289263 1.0
10952.2369677 21136.804504 322.0 11562.0820457 21260.0709252 323.0 11257.1595067 21198.4377146 322.503625003 11018 21256 11537 21247 672.0 10951.7538904 21135.9289263 1.0 11560.3084307 21260.9952034 2.0
11562.0820457 21260.0709252 323.0 12031.0311381 21710.4066422 324.0 11796.5565919 21485.2387837 323.506291768 11537 21247 11989 21591 672.0 11560.3084307 21260.9952034 2.0 12030.6991075 21711.3499108 1.0
12031.0311381 21710.4066422 324.0 11847.0859381 22348.1171199 325.0 11939.0585381 22029.261881 324.50173946 11989 21591 11916 22177 672.0 12030.6991075 21711.3499108 1.0 11847.8330841 22346.2619183 2.0
11847.0859381 22348.1171199 325.0 11816.2852287 22911.5583204 326.0 11831.6855834 22629.8377201 325.493459654 11916 22177 11906 22694 672.0 11847.8330841 22346.2619183 2.0 11816.6664578 22910.6338398 1.0
11816.2852287 22911.5583204 326.0 11558.5378317 23532.1598197 327.0 11687.4115302 23221.8590701 326.500000127 11906 22694 11666 23276 672.0 11816.6664578 22910.6338398 1.0 11559.3115319 23530.3155344 2.0
11558.5378317 23532.1598197 327.0 11293.8197865 24149.8134471 328.0 11426.1788091 23840.9866334 327.500003024 11666 23276 11455 23778 672.0 11559.3115319 23530.3155344 2.0 11295.0129893 24147.0609451 3.0
11293.8197865 24149.8134471 328.0 11029.2726366 24767.5330679 329.0 11161.5462115 24458.6732575 328.500004592 11455 23778 11196 24373 672.0 11295.0129893 24147.0609451 3.0 11030.0511621 24765.6908144 2.0
11438.4195777 25135.5223187 331.0 11886.2018546 25148.4122196 332.0 11662.3107162 25141.9672692 331.500015039 11426 25135 11640 25144 448.00000000000006 11438.4195777 25135.5223187 0.0 11887.2016941 25148.3943013 -1.0
11967.5646595 25391.1741075 333.0 11960.8223972 25689.0978257 334.0 11964.1935283 25540.1359666 333.5 11973 25151 11973 25151 298.0 11967.5194094 25393.1735955 -2.0 11960.7997721 25690.0975698 -1.0
11960.8223972 25689.0978257 334.0 12086.0508478 25857.0186247 335.0 12023.4366225 25773.0582252 334.465401548 11973 25151 11957 25858 298.0 11960.7997721 25690.0975698 -1.0 12084.0509057 25857.003416 -2.0
12086.0508478 25857.0186247 335.0 12378.5875347 25833.4686161 336.0 12232.3191913 25845.2436204 335.50174946 11957 25858 12377 25829 298.0 12084.0509057 25857.003416 -2.0 12378.9222997 25832.5263145 -1.0
12378.5875347 25833.4686161 336.0 12481.7951651 26113.0175066 337.0 12430.1913499 25973.2430614 336.50000338 12377 25829 12404 25905 298.0 12378.9222997 25832.5263145 -1.0 12481.7951651 26113.0175066 0.0
12481.7951651 26113.0175066 337.0 12625.4624353 26342.2687824 338.0 12553.6288002 26227.6431445 337.512980767 12404 25905 12600 26355 298.0 12481.7951651 26113.0175066 0.0 12624.5680081 26341.8215688 -1.0
12625.4624353 26342.2687824 338.0 12876.9774897 26434.0664683 339.0 12751.2199625 26388.1676253 338.4951302 12600 26355 12858 26421 298.0 12624.5680081 26341.8215688 -1.0 12878.6247852 26432.9322648 -2.0
13099.6684961 26421.2353223 342.0 13365.5369099 26286.6658765 343.0 13232.602703 26353.9505994 342.499995507 13011 26466 13357 26291 298.0 13096.0977477 26419.4326144 -4.0 13362.8619096 26285.3077994 -3.0
13365.5369099 26286.6658765 343.0 13568.7824622 26133.2418146 344.0 13467.159686 26209.9538456 343.480085472 13357 26291 13590 26176 298.0 13362.8619096 26285.3077994 -3.0 13570.5604778 26136.8249223 -4.0
13568.7824622 26133.2418146 344.0 13436.3202975 25866.3002949 345.0 13502.5513798 25999.7710548 344.5 13590 26176 13590 26176 298.0 13570.5604778 26136.8249223 -4.0 13437.6538092 25868.9876257 -3.0
13436.3202975 25866.3002949 345.0 13256.2040948 25728.4636602 346.0 13346.2621961 25797.3819776 345.542277973 13590 26176 13348 25689 298.0 13437.6538092 25868.9876257 -3.0 13254.3666941 25729.2535708 -2.0
13256.2040948 25728.4636602 346.0 12977.0438235 25830.7739537 347.0 13116.6239592 25779.6188069 346.500510853 13348 25689 13000 25824 298.0 13254.3666941 25729.2535708 -2.0 12974.1664793 25831.6230061 -3.0
12977.0438235 25830.7739537 347.0 13094.4793493 25797.9699752 349.0 13035.7615864 25814.3719645 348.018986695 13000 25824 13000 25824 298.0 12974.1664793 25831.6230061 -3.0 13090.6230311 25796.9075202 -4.0
13094.4793493 25797.9699752 349.0 13357.8453996 25708.6907992 350.0 13226.1623744 25753.3303872 349.49106149 13000 25824 13348 25689 298.0 13090.6230311 25796.9075202 -4.0 13359.1870404 25706.0075177 -3.0
13357.8453996 25708.6907992 350.0 13490.5205676 25975.52622 351.0 13424.1829836 25842.1085096 350.49999998 13348 25689 13393 25779 298.0 13359.1870404 25706.0075177 -3.0 13492.2985832 25971.9431123 -4.0
13490.5205676 25975.52622 351.0 13623.0300772 26242.444225 352.0 13556.7753224 26108.9852225 351.499999992 13393 25779 13590 26176 298.0 13492.2985832 25971.9431123 -4.0 13625.255787 26237.966925 -5.0
13623.0300772 26242.444225 352.0 13755.5260946 26509.3629557 353.0 13689.2780859 26375.9035904 352.499993571 13590 26176 13707 26410 298.0 13625.255787 26237.966925 -5.0 13757.2814358 26505.7686856 -4.0
13755.5260946 26509.3629557 353.0 13887.6609435 26776.4603776 354.0 13821.5935191 26642.9116666 353.499995001 13707 26410 13870 26742 298.0 13757.2814358 26505.7686856 -4.0 13889.0292159 26773.7905779 -3.0
13887.6609435 26776.4603776 354.0 14020.8776123 27043.020188 355.0 13954.2692779 26909.7402828 354.500001016 13870 26742 13996 26992 298.0 13889.0292159 26773.7905779 -3.0 14022.6307214 27039.4248287 -4.0
14020.8776123 27043.020188 355.0 14152.834047 27310.2020219 356.0 14086.8558297 27176.611105 355.499995606 13996 26992 14075 27155 298.0 14022.6307214 27039.4248287 -4.0 14154.1789081 27307.5203529 -3.0
14152.834047 27310.2020219 356.0 14285.751762 27576.8909947 357.0 14219.2929045 27443.5465083 356.499999586 14075 27155 14249 27504 298.0 14154.1789081 27307.5203529 -3.0 14286.652187 27575.1051518 -2.0
14285.751762 27576.8909947 357.0 14418.4274149 27843.725384 358.0 14352.0895885 27710.3081893 357.500000163 14249 27504 14309 27623 298.0 14286.652187 27575.1051518 -2.0 14419.7599367 27841.0375622 -3.0
14418.4274149 27843.725384 358.0 14549.859865 28111.1751302 359.0 14484.14364 27977.4502571 358.499999968 14309 27623 14501 28012 298.0 14419.7599367 27841.0375622 -3.0 14551.6276257 28107.5869521 -4.0
14549.859865 28111.1751302 359.0 14681.5580372 28378.4943989 360.0 14615.7089511 28244.8347646 359.5 14501 28012 14501 28012 298.0 14551.6276257 28107.5869521 -4.0 14682.8838577 28375.8032654 -3.0
14681.5580372 28378.4943989 360.0 14813.3918561 28645.7467559 361.0 14747.4749467 28512.1205774 360.500000018 14501 28012 14778 28574 298.0 14682.8838577 28375.8032654 -3.0 14815.161424 28642.1594687 -4.0
14813.3918561 28645.7467559 361.0 14945.1756391 28913.0237996 362.0 14879.2837476 28779.3852778 361.500000003 14778 28574 14925 28872 298.0 14815.161424 28642.1594687 -4.0 14946.4995981 28910.3317497 -3.0
14945.1756391 28913.0237996 362.0 15077.9134258 29179.8268516 363.0 15011.5445325 29046.4253256 362.499998948 14925 28872 15071 29166 298.0 14946.4995981 28910.3317497 -3.0 15078.807853 29178.0379972 -2.0
15077.9134258 29179.8268516 363.0 15209.350596 29447.2682055 364.0 15143.6320109 29313.5475285 363.500000241 15071 29166 15169 29365 298.0 15078.807853 29178.0379972 -2.0 15210.671676 29444.5747416 -3.0
15209.350596 29447.2682055 364.0 15340.577868 29714.8189542 365.0 15274.964232 29581.0435798 364.5 15169 29365 15169 29365 298.0 15210.671676 29444.5747416 -3.0 15341.4585879 29713.0233116 -2.0
15826.615571 29580.8528355 366.0 16437.629623 29301.1282777 367.0 16132.122597 29440.9905566 366.5 15728 29626 16285 29371 672.0 15825.7063259 29580.4365743 -1.0 16435.8111166 29300.2957907 -2.0
16969.3840831 29054.0112457 370.0 17582.5980742 28779.2398614 371.0 17275.9910786 28916.6255535 370.499998303 16818 29127 17566 28787 672.0 16965.7810083 29052.2740489 -4.0 17579.8804272 28777.9692732 -3.0
17582.5980742 28779.2398614 371.0 18207.2209453 28533.8613193 372.0 17894.9095098 28656.5505904 371.500200019 17566 28787 18042 28612 672.0 17579.8804272 28777.9692732 -3.0 18205.4129455 28533.0062539 -2.0
18207.2209453 28533.8613193 372.0 18799.3035738 28218.9730012 373.0 18503.2622596 28376.4171603 372.500362019 18042 28612 18628 28297 672.0 18205.4129455 28533.0062539 -2.0 18798.3935313 28218.5584863 -1.0
18799.3035738 28218.9730012 373.0 19421.2578277 27980.8001104 374.0 19110.2807008 28099.8865558 373.500503774 18628 28297 19302 27990 672.0 18798.3935313 28218.5584863 -1.0 19419.2637523 27980.6462818 -2.0
19421.2578277 27980.8001104 374.0 19996.8502951 27846.6158358 375.0 19709.0540614 27913.7079731 374.500989366 19302 27990 20002 27936 672.0 19419.2637523 27980.6462818 -2.0 19997.0228484 27849.6108693 -3.0
19996.8502951 27846.6158358 375.0 19958.1983408 27175.7283442 376.0 19977.5243179 27511.17209 375.5 20002 27936 20002 27936 672.0 19997.0228484 27849.6108693 -3.0 19958.428412 27179.7217221 -4.0
19958.1983408 27175.7283442 376.0 19919.6977666 26504.8321843 377.0 19938.9480537 26840.2802642 376.500000007 20002 27936 19932 26721 672.0 19958.428412 27179.7217221 -4.0 19919.9818597 26509.8241068 -5.0
19919.6977666 26504.8321843 377.0 19881.5156465 25833.917789 378.0 19900.6067066 26169.3749867 377.5 19932 26721 19932 26721 672.0 19919.9818597 26509.8241068 -5.0 19881.7429211 25837.9113271 -4.0
19881.5156465 25833.917789 378.0 19495.9057771 25305.647651 379.0 19688.7107118 25569.78272 378.496772521 19932 26721 19841 25698 672.0 19881.7429211 25837.9113271 -4.0 19499.2079681 25309.402053 -5.0
19495.9057771 25305.647651 379.0 19053.8874928 24799.4916855 380.0 19274.8966349 25052.5696682 379.499996713 19841 25698 19213 24984 672.0 19499.2079681 25309.402053 -5.0 19056.4997562 24802.52089 -4.0
19053.8874928 24799.4916855 380.0 18615.4057985 24290.2592466 381.0 18834.6466456 24544.875466 380.500000008 19213 24984 18906 24628 672.0 19056.4997562 24802.52089 -4.0 18618.6668795 24294.0494116 -5.0
18615.4057985 24290.2592466 381.0 18167.8499117 23789.0026881 382.0 18391.6278551 24039.6309674 381.500002618 18906 24628 18336 23977 672.0 18618.6668795 24294.0494116 -5.0 18170.5165799 23791.9841107 -4.0
18167.8499117 23789.0026881 382.0 17722.0182888 23286.1961037 383.0 17944.9341002 23537.5993959 382.500000298 18336 23977 18031 23636 672.0 18170.5165799 23791.9841107 -4.0 17724.0043504 23288.4445607 -3.0
17722.0182888 23286.1961037 383.0 17273.4350331 22785.940185 384.0 17497.7266609 23036.0681444 383.499987925 18031 23636 17304 22821 672.0 17724.0043504 23288.4445607 -3.0 17276.0635739 22788.955276 -4.0
17273.4350331 22785.940185 384.0 16831.7670898 22279.5051865 385.0 17052.6010614 22532.7226858 384.50000438 17304 22821 16892 22350 672.0 17276.0635739 22788.955276 -4.0 16833.715895 22281.7860105 -3.0
16831.7670898 22279.5051865 385.0 16358.8561379 21820.7576656 386.0 16595.3116138 22050.1314261 385.495647838 16892 22350 16413 21855 672.0 16833.715895 22281.7860105 -3.0 16360.5464641 21821.8266827 -2.0
16358.8561379 21820.7576656 386.0 15753.6053835 21532.3886017 387.0 16056.2307607 21676.5731336 386.499173795 16413 21855 15765 21537 672.0 16360.5464641 21821.8266827 -2.0 15754.5323504 21532.7637449 -1.0
15753.6053835 21532.3886017 387.0 15129.9768473 21282.0680182 388.0 15441.7911154 21407.2283099 387.500004157 15765 21537 15187 21304 672.0 15754.5323504 21532.7637449 -1.0 15129.9768473 21282.0680182 0.0
15129.9768473 21282.0680182 388.0 14505.709103 21033.4096307 389.0 14817.8429752 21157.7388244 388.500001674 15187 21304 14614 21078 672.0 15129.9768473 21282.0680182 0.0 14504.784425 21033.0288809 1.0
14505.709103 21033.4096307 389.0 13884.1046462 20778.1261483 390.0 14194.9068746 20905.7678895 389.500002079 14614 21078 14003 20825 672.0 14504.784425 21033.0288809 1.0 13884.1046462 20778.1261483 0.0
13884.1046462 20778.1261483 390.0 13260.0376765 20529.5664774 391.0 13572.0711613 20653.8463128 390.499947829 14003 20825 13266 20534 672.0 13884.1046462 20778.1261483 0.0 13260.8401388 20530.1631801 -1.0
12960.6726232 20440.9071037 392.0 12856.4999472 20856.0462633 393.0 12908.5862852 20648.4766835 392.502640666 12982 20356 12929 20567 298.0 12960.1853892 20442.8468467 -2.0 12855.7700809 20858.956125 -3.0
12856.4999472 20856.0462633 393.0 12569.4122558 20869.2946293 395.0 12712.9561015 20862.6704463 394.254877605 12929 20567 12603 20869 298.0 12855.7700809 20858.956125 -3.0 12567.4123327 20869.3121725 -2.0
12569.4122558 20869.2946293 395.0 12367.4298247 20974.0219318 396.0 12468.4210402 20921.6582806 395.516390622 12603 20869 12366 20949 298.0 12567.4123327 20869.3121725 -2.0 12367.4868745 20973.0235605 -1.0
12367.4298247 20974.0219318 396.0 12374.5112808 20875.2355662 398.0 12370.9705528 20924.628749 396.847615805 12366 20949 12366 20949 298.0 12367.4868745 20973.0235605 -1.0 12374.5112808 20875.2355662 0.0
12603.0 21017.2178533 399.0 12370.4310106 21644.8513498 400.0 12486.7155053 21331.0346016 399.500171167 12603 20869 12407 21558 672.0 12602.0 21017.2178533 1.0 12370.4310106 21644.8513498 0.0
12284.6751955 22088.9045779 401.0 12395.388427 22279.149072 402.0 12340.0318113 22184.0268249 401.485210232 12191 22043 12395 22279 298.0 12283.7772194 22089.344622 1.0 12395.388427 22279.149072 0.0
12395.388427 22279.149072 402.0 12616.0744083 22439.1292018 403.0 12505.7314177 22359.1391369 402.512825606 12395 22279 12613 22409 298.0 12395.388427 22279.149072 0.0 12615.9728947 22440.1240359 1.0
12616.0744083 22439.1292018 403.0 12449.3524712 22299.8595971 405.0 12532.7134398 22369.4943994 404.308092487 12613 22409 12580 22350 298.0 12615.9728947 22440.1240359 1.0 12449.3524712 22299.8595971 0.0
12449.3524712 22299.8595971 405.0 12336.5798019 22114.3399029 406.0 12392.9661366 22207.09975 405.494742564 12580 22350 12442 22166 298.0 12449.3524712 22299.8595971 0.0 12335.6818257 22113.8998588 1.0
11555.2173897 21142.4196898 408.0 10592.0274948 20842.6347795 409.0 11073.6224422 20992.5272346 408.500002952 12036 21504 11552 21140 1009.0 11554.418183 21141.8186335 1.0 10592.0274948 20842.6347795 0.0
10592.0274948 20842.6347795 409.0 9616.68264064 20651.3076726 410.0 10104.3550677 20746.9712261 409.500268089 11552 21140 9944 20776 1009.0 10592.0274948 20842.6347795 0.0 9615.7481529 20650.9516773 1.0
9616.68264064 20651.3076726 410.0 8969.48484017 19932.6716152 411.0 9293.0837404 20291.9896439 410.498153635 9944 20776 9356 20552 1009.0 9615.7481529 20650.9516773 1.0 8969.48484017 19932.6716152 0.0
7792.20505583 19460.2218843 413.0 7541.28193457 19089.0877949 414.0 7666.7434952 19274.6548396 413.500000018 7855 19553 7631 19221 448.0 7792.20505583 19460.2218843 0.0 7540.7195484 19088.2609202 1.0
7541.28193457 19089.0877949 414.0 7286.81790357 18720.3811952 415.0 7414.04991907 18904.7344951 414.500000662 7631 19221 7429 18924 447.99999999999994 7540.7195484 19088.2609202 1.0 7286.81790357 18720.3811952 0.0
7286.81790357 18720.3811952 415.0 7055.9458168 18349.6507455 416.0 7171.38186018 18535.0159704 415.500972099 7429 18924 7149 18431 448.0 7286.81790357 18720.3811952 0.0 7055.19294686 18348.9925762 1.0
7055.9458168 18349.6507455 416.0 6721.80614446 18051.304435 417.0 6888.87598063 18200.4775902 416.500002715 7149 18431 6831 18153 447.99999999999994 7055.19294686 18348.9925762 1.0 6721.80614446 18051.304435 0.0
6184.34129002 17902.4372599 418.0 5530.36274541 17808.2174136 419.0 5857.35201771 17855.3273367 418.504447512 6304 17932 5578 17803 672.0 6183.3704794 17902.1974126 1.0 5530.36274541 17808.2174136 0.0
4608.43833662 17738.4698218 421.0 4746.4466981 17474.36875 422.0 4677.44251736 17606.4192859 421.499989605 4564 17828 4632 17691 298.0 4607.9937402 17737.5740908 -1.0 4745.51245604 17472.6003632 -2.0
4746.4466981 17474.36875 422.0 4882.37132281 17209.2257819 423.0 4814.40901045 17341.797266 422.500003243 4632 17691 4833 17311 298.0 4745.51245604 17472.6003632 -2.0 4881.0619387 17206.5266129 -3.0
4882.37132281 17209.2257819 423.0 5020.37880443 16945.3200158 424.0 4951.37506362 17077.2728989 423.500093957 4833 17311 5004 16978 298.0 4881.0619387 17206.5266129 -3.0 5019.48267883 16943.5320116 -2.0
5020.37880443 16945.3200158 424.0 5153.90151943 16678.9073949 425.0 5087.14016193 16812.1137053 424.5 5004 16978 5004 16978 298.0 5019.48267883 16943.5320116 -2.0 5152.55733102 16676.2253886 -3.0
5153.90151943 16678.9073949 425.0 5287.12393201 16412.3446561 426.0 5220.51272572 16545.6260255 425.499999924 5004 16978 5215 16557 298.0 5152.55733102 16676.2253886 -3.0 5286.23152214 16410.5547945 -2.0
5287.12393201 16412.3446561 426.0 5416.01547767 16143.8003289 427.0 5351.56970484 16278.0724925 426.499915833 5215 16557 5392 16202 298.0 5286.23152214 16410.5547945 -2.0 5415.63403662 16142.8759357 -1.0
5416.01547767 16143.8003289 427.0 5440.42752926 15901.7137646 428.0 5428.22150346 16022.7570468 427.461051811 5392 16202 5503 15933 298.0 5415.63403662 16142.8759357 -1.0 5440.42752926 15901.7137646 0.0
5440.42752926 15901.7137646 428.0 5162.05464913 15795.9648311 429.0 5301.24108919 15848.8392979 428.500369927 5503 15933 5241 15822 298.0 5440.42752926 15901.7137646 0.0 5161.10496037 15795.6516359 1.0
5162.05464913 15795.9648311 429.0 4912.95863213 15668.075981 430.0 5037.50664063 15732.020406 429.494211873 5241 15822 4941 15728 298.0 5161.10496037 15795.6516359 1.0 4912.11095458 15666.2645057 2.0
4912.95863213 15668.075981 430.0 4789.77910075 15397.2949739 431.0 4851.36886644 15532.6854774 430.500022853 4941 15728 4809 15427 298.0 4912.11095458 15666.2645057 2.0 4788.14934691 15394.7762634 3.0
4789.77910075 15397.2949739 431.0 4945.93910429 15183.4819628 432.0 4867.85910252 15290.3884683 431.501736193 4809 15427 4903 15218 298.0 4788.14934691 15394.7762634 3.0 4949.05666494 15185.9881183 4.0
4945.93910429 15183.4819628 432.0 5178.19737232 14996.7733745 433.0 5062.0682383 15090.1276686 432.5 4903 15218 4903 15218 298.0 4949.05666494 15185.9881183 4.0 5180.5355428 14998.6529911 3.0
5178.19737232 14996.7733745 433.0 5410.45564034 14810.0647862 434.0 5294.32650633 14903.4190804 433.5 4903 15218 4903 15218 298.0 5180.5355428 14998.6529911 3.0 5412.01442066 14811.317864 2.0
5410.45564034 14810.0647862 434.0 5589.53591212 15035.6977583 435.0 5499.99577623 14922.8812722 434.504048978 4903 15218 5577 15018 298.0 5412.01442066 14811.317864 2.0 5588.95789477 15036.5137828 1.0
5589.53591212 15035.6977583 435.0 5416.4749514 14805.2259614 437.0 5503.00543176 14920.4618598 436.103676709 5577 15018 5418 14804 298.0 5588.95789477 15036.5137828 1.0 5418.03373173 14803.9728836 2.0
5416.4749514 14805.2259614 437.0 5184.21668338 14991.9345497 438.0 5300.34581739 14898.5802555 437.5 5418 14804 5418 14804 298.0 5418.03373173 14803.9728836 2.0 5184.99607354 14991.3080108 1.0
5184.21668338 14991.9345497 438.0 4951.95841536 15178.6431379 439.0 5068.08754937 15085.2888438 438.5 5418 14804 5418 14804 298.0 5184.99607354 14991.3080108 1.0 4953.51719568 15177.3900602 2.0
4951.95841536 15178.6431379 439.0 4785.58351477 15390.8108865 440.0 4868.77096506 15284.7270122 439.491817625 5418 14804 4765 15359 298.0 4953.51719568 15177.3900602 2.0 4783.95376093 15393.3295969 3.0
4785.58351477 15390.8108865 440.0 4909.68528131 15661.0808751 441.0 4847.63439804 15525.9458808 440.500639846 4765 15359 4868 15572 298.0 4783.95376093 15393.3295969 3.0 4908.83760377 15662.8923504 2.0
4909.68528131 15661.0808751 441.0 5154.72010429 15793.5459918 442.0 5032.2026928 15727.3134335 441.501565758 4868 15572 4959 15729 298.0 4908.83760377 15662.8923504 2.0 5153.77041553 15793.8591871 1.0
5154.72010429 15793.5459918 442.0 5433.51977527 15898.2598876 443.0 5294.11993978 15845.9029397 442.500048668 4959 15729 5417 15890 298.0 5153.77041553 15793.8591871 1.0 5431.73092089 15899.1543148 2.0
5433.51977527 15898.2598876 443.0 5418.96138644 16136.6611446 444.0 5426.24058086 16017.4605161 443.524102927 5417 15890 5503 15933 298.0 5431.73092089 15899.1543148 2.0 5419.34282749 16135.7367514 1.0
5418.96138644 16136.6611446 444.0 5290.57001904 16405.4330127 445.0 5354.76570274 16271.0470786 444.499873055 5503 15933 5392 16202 298.0 5419.34282749 16135.7367514 1.0 5290.57001904 16405.4330127 0.0
5290.57001904 16405.4330127 445.0 5157.36195493 16672.0029241 446.0 5223.96598699 16538.7179684 445.5000001 5392 16202 5215 16557 298.0 5290.57001904 16405.4330127 0.0 5156.91389213 16672.8969261 -1.0
5157.36195493 16672.0029241 446.0 5023.83923993 16938.415545 447.0 5090.60059743 16805.2092345 446.5 5215 16557 5215 16557 298.0 5156.91389213 16672.8969261 -1.0 5023.83923993 16938.415545 0.0
5023.83923993 16938.415545 447.0 4885.74215924 17202.2771279 448.0 4954.79069959 17070.3463364 447.500048848 5215 16557 4947 17076 298.0 5023.83923993 16938.415545 0.0 4886.17862061 17201.3774049 1.0
4885.74215924 17202.2771279 448.0 4750.0543223 17467.5400328 449.0 4817.89824077 17334.9085803 448.50001533 4947 17076 4828 17320 298.0 4886.17862061 17201.3774049 1.0 4750.0543223 17467.5400328 0.0
4750.0543223 17467.5400328 449.0 4611.87200082 17731.5519984 450.0 4680.96316156 17599.5460156 449.500003078 4828 17320 4632 17691 298.0 4750.0543223 17467.5400328 0.0 4612.31659723 17730.6562673 1.0
5303.92385128 17820.2331466 452.0 5969.44926515 17828.088885 453.0 5636.68655822 17824.1610158 452.500354935 5168 17808 5964 17826 672.0 5301.93190241 17820.412422 2.0 5968.51551903 17828.446821 1.0
5969.44926515 17828.088885 453.0 6624.09577099 17936.7498785 454.0 6296.77251807 17882.4193817 453.50345232 5964 17826 6598 17936 672.0 5968.51551903 17828.446821 1.0 6624.09577099 17936.7498785 0.0
6624.09577099 17936.7498785 454.0 7291.76877579 18000.8541972 455.0 6957.93227339 17968.8020378 454.500189461 6598 17936 7255 17998 672.0 6624.09577099 17936.7498785 0.0 7292.76577648 18000.7768045 -1.0
7291.76877579 18000.8541972 455.0 7901.47113318 17822.7115642 456.0 7596.61995449 17911.7828807 455.503893157 7255 17998 7894 17832 672.0 7292.76577648 18000.7768045 -1.0 7900.21761589 17821.1531373 -2.0
7901.47113318 17822.7115642 456.0 8509.27407689 17790.5860085 457.0 8205.37260504 17806.6487863 456.518263826 7894 17832 8450 17784 672.0 7900.21761589 17821.1531373 -2.0 8512.2557281 17790.254714 -3.0
9315.98283555 17718.015529 459.0 9974.25693206 17831.6418131 460.0 9645.11988381 17774.828671 459.499061597 9311 17716 9567 17790 672.0 9318.76393467 17716.89059 -3.0 9978.23618469 17831.2349365 -4.0
9974.25693206 17831.6418131 460.0 10642.7841779 17899.4091026 461.0 10308.520555 17865.5254579 460.500007188 9567 17790 10573 17890 672.0 9978.23618469 17831.2349365 -4.0 10647.7393396 17898.740991 -5.0
10542.1318997 18148.8242669 469.0 10505.6889546 18444.5875367 470.0 10523.9104271 18296.7059018 469.5 10567 17947 10567 17947 298.0 10541.8873161 18150.8092553 -2.0 10505.3220793 18447.5650193 -3.0
10468.0351 18751.6223516 471.0 10393.422779 19192.8933437 472.0 10430.7289395 18972.2578477 471.499830301 10472 18718 10417 19094 448.0 10467.5666479 18755.594826 -4.0 10392.2632249 19197.757029 -5.0
10239.2049207 19547.1204921 473.0 9583.75506746 19682.5933917 474.0 9911.47999406 19614.8569419 473.499530767 10358 19559 9687 19656 672.0 10243.1850694 19547.5185069 -4.0 9580.84989224 19683.3416944 -3.0
9583.75506746 19682.5933917 474.0 8915.92370415 19725.9830163 475.0 9249.83938581 19704.288204 474.500256591 9687 19656 9079 19717 672.0 9580.84989224 19683.3416944 -3.0 8911.92975904 19726.2030217 -4.0
8915.92370415 19725.9830163 475.0 8603.51891563 20250.3412029 476.0 8759.72130989 19988.1621096 475.495113076 9079 19717 8802 19982 672.0 8911.92975904 19726.2030217 -4.0 8600.54558546 20254.361067 -5.0
8363.78650293 20770.098436 477.0 8073.11598206 20736.0935404 478.0 8218.45124249 20753.0959882 477.504026328 8415 20760 8119 20752 298.0 8359.86206872 20770.8722681 -4.0 8077.84016305 20737.7312565 -5.0
7935.88417955 20781.4122481 481.0 8207.96294631 20775.7420318 482.0 8071.92356293 20778.5771399 481.499391596 7846 20851 8178 20774 298.0 7933.51200843 20779.5757285 -3.0 8211.95620299 20775.5098657 -4.0
8453.58477944 20562.2530054 483.0 8793.32923847 19993.7226414 484.0 8623.45700896 20277.9878234 483.498218137 8415 20760 8498 20393 672.0 8452.62722765 20557.3455524 -5.0 8790.95057434 19990.5067501 -4.0
8793.32923847 19993.7226414 484.0 9234.75539932 19712.4306155 485.0 9014.0423189 19853.0766285 484.519329416 8498 20393 9196 19712 672.0 8790.95057434 19990.5067501 -4.0 9237.75521415 19712.3972843 -3.0
9234.75539932 19712.4306155 485.0 9892.28840869 19600.847647 486.0 9563.521904 19656.6391313 485.501646314 9196 19712 9842 19614 672.0 9237.75521415 19712.3972843 -3.0 9890.35349064 19600.3415915 -2.0
10367.7306444 19426.1555502 487.0 10436.9963088 18984.6868454 488.0 10402.3634766 19205.4211978 487.500992306 10358 19559 10417 19094 448.00000000000006 10367.5114863 19423.1635659 -3.0 10436.6364268 18982.7194905 -2.0
10436.9963088 18984.6868454 488.0 10401.2741949 19159.9610157 490.0 10419.1352518 19072.3239306 489.176802717 10417 19094 10417 19094 448.0 10436.6364268 18982.7194905 -2.0 10400.5784625 19162.8792269 -3.0
10401.2741949 19159.9610157 490.0 10358.2738657 19604.7355742 491.0 10379.7740303 19382.348295 490.499873445 10417 19094 10358 19559 448.0 10400.5784625 19162.8792269 -3.0 10358.2858415 19602.7356101 -2.0
10358.2738657 19604.7355742 491.0 10361.7388263 20052.7141882 492.0 10360.006346 19828.7248812 491.500001579 10358 19559 10361 19971 448.0 10358.2858415 19602.7356101 -2.0 10361.7478675 20051.714229 -1.0
10361.7388263 20052.7141882 492.0 10365.7892936 20500.6958772 493.0 10363.76406 20276.7050327 492.5 10361 19971 10361 19971 448.0 10361.7478675 20051.714229 -1.0 10365.8073761 20498.695959 -2.0
10744.1204695 20889.7477549 494.0 11682.4693317 21238.1215635 495.0 11213.2949006 21063.9346592 494.501522843 10364 20772 11552 21140 1009.0 10746.9861324 20888.8600748 -3.0 11685.6661585 21235.7173384 -4.0
12274.8888047 21861.0353134 496.0 12002.4188507 22475.2860193 497.0 12138.6538277 22168.1606663 496.500008011 12327 21748 12191 22043 672.0 12273.6328016 21863.7597319 -3.0 12001.6191497 22477.11918 -2.0
12002.4188507 22475.2860193 497.0 11740.9388945 23094.2731808 498.0 11871.6788726 22784.7796001 497.500007088 12191 22043 11906 22694 672.0 12001.6191497 22477.11918 -2.0 11739.7952072 23097.0466226 -3.0
11740.9388945 23094.2731808 498.0 11481.9744903 23714.3678691 499.0 11611.4566924 23404.320525 498.500000774 11906 22694 11494 23686 672.0 11739.7952072 23097.0466226 -3.0 11481.1939046 23716.2092507 -2.0
11481.9744903 23714.3678691 499.0 11214.3837282 24330.785513 500.0 11348.1791092 24022.5766911 499.49999904 11494 23686 11250 24249 672.0 11481.1939046 23716.2092507 -2.0 11213.9844614 24331.7023478 -1.0
