10662.1736809 10172.7740369 354.0 10610.1148573 10200.5387428 355.0 10636.1442691 10186.6563898 354.503389616 10673 10167 10673 10167 59.0 10680.1431834 10163.1903022 20.3654361932 10586.9310498 10212.9034401 -26.2749818548
10610.1148573 10200.5387428 355.0 10558.0560338 10228.3034486 356.0 10584.0854456 10214.4210957 355.480330569 10673 10167 10673 10167 59.0 10586.9310498 10212.9034401 -26.2749818548 10557.571083 10228.5620891 -0.549610961626
10558.0560338 10228.3034486 356.0 10505.9958588 10256.0656166 357.0 10532.0259463 10242.1845326 356.493534017 10673 10167 10508 10255 59.0 10557.571083 10228.5620891 -0.549610961626 10521.7904738 10247.6675042 17.8884923091
10505.9958588 10256.0656166 357.0 10453.9019051 10283.7643529 358.0 10479.9488819 10269.9149847 357.493170217 10508 10255 10508 10255 59.0 10521.7904738 10247.6675042 17.8884923091 10432.9262288 10294.9172735 -23.756402017
10453.9019051 10283.7643529 358.0 10401.8079515 10311.4630892 359.0 10427.8549283 10297.613721 358.511336006 10508 10255 10508 10255 59.0 10432.9262288 10294.9172735 -23.756402017 10368.5120083 10329.1667858 -37.7099550187
10401.8079515 10311.4630892 359.0 10349.7139978 10339.1618255 360.0 10375.7609747 10325.3124574 359.52341808 10508 10255 10508 10255 59.0 10368.5120083 10329.1667858 -37.7099550187 10346.7013914 10340.7636504 -3.4119848128
10300.7306883 10298.9463975 362.0 10298.6737999 10239.9822626 363.0 10299.7022441 10269.46433 362.490001263 10303 10364 10303 10364 59.0 10300.1611941 10282.6208987 16.3354288233 10299.994495 10277.8421891 -37.8829548837
10298.6737999 10239.9822626 363.0 10296.6169114 10181.0181276 364.0 10297.6453556 10210.5001951 363.548041758 10303 10364 10303 10364 59.0 10299.994495 10277.8421891 -37.8829548837 10297.4290547 10204.299567 -23.2956003903
10296.6169114 10181.0181276 364.0 10294.560023 10122.0539927 365.0 10295.5884672 10151.5360602 364.484104834 10303 10364 10303 10364 59.0 10297.4290547 10204.299567 -23.2956003903 10295.9315553 10161.3712526 -39.3411747607
10294.560023 10122.0539927 365.0 10292.5031346 10063.0898577 366.0 10293.5315788 10092.5719252 365.50432041 10303 10364 10303 10364 59.0 10295.9315553 10161.3712526 -39.3411747607 10291.7351541 10041.074418 22.0288306235
10295.0695501 10136.6604366 373.0 10297.1264385 10195.6245716 374.0 10296.0979943 10166.1425041 373.52825043 10291 10020 10291 10020 59.0 10296.3758257 10099.2138694 -37.4693441468 10297.4125554 10187.422555 -8.20700546289
10297.1264385 10195.6245716 374.0 10299.183327 10254.5887065 375.0 10298.1548828 10225.1066391 374.502819879 10291 10020 10291 10020 59.0 10297.4125554 10187.422555 -8.20700546289 10298.1835026 10283.2503381 28.6790650386
10299.183327 10254.5887065 375.0 10301.2402154 10313.5528415 376.0 10300.2117712 10284.070774 375.526588292 10291 10020 10291 10020 59.0 10298.1835026 10283.2503381 28.6790650386 10300.3404051 10339.3474027 25.8102507867
10243.5248369 10395.9679002 378.0 10191.5561974 10423.9010439 379.0 10217.5405172 10409.934472 378.490656716 10303 10364 10303 10364 59.00000000000001 10277.3919265 10377.7643395 38.4493092969 10186.9770421 10426.3623399 -5.19871537393
10191.5561974 10423.9010439 379.0 10139.587558 10451.8341876 380.0 10165.5718777 10437.8676157 379.512440078 10303 10364 10303 10364 59.00000000000001 10186.9770421 10426.3623399 -5.19871537393 10171.6705935 10434.589556 36.4238724798
10139.587558 10451.8341876 380.0 10087.6189186 10479.7673313 381.0 10113.6032383 10465.8007594 380.528416426 10303 10364 10303 10364 59.00000000000001 10171.6705935 10434.589556 36.4238724798 10084.0797564 10481.6696309 -4.01801107871
10074.3786624 10580.3613856 383.0 10053.7979641 10635.4503496 384.0 10064.0883132 10607.9058676 383.502048115 10078 10536 10063 10612 59.0 10071.8849568 10610.9092796 -30.6495089772 10048.8333096 10648.1022111 -13.5910776681
10053.7979641 10635.4503496 384.0 10032.2459855 10690.3731338 385.0 10043.0219748 10662.9117417 384.515116118 10063 10612 10063 10612 59.0 10048.8333096 10648.1022111 -13.5910776681 10032.5232968 10689.6664371 0.759158595183
10032.2459855 10690.3731338 385.0 10031.0846729 10749.3194155 386.0 10031.6653292 10719.8462746 385.47851427 10063 10612 10032 10691 59.0 10032.5232968 10689.6664371 0.759158595183 10030.5808626 10781.4193233 -32.1038612549
10031.0846729 10749.3194155 386.0 10030.1587779 10808.3121499 387.0 10030.6217254 10778.8157827 386.52444206 10032 10691 10032 10691 59.0 10030.5808626 10781.4193233 -32.1038612549 10030.6977804 10773.9699927 34.3463868538
10030.1587779 10808.3121499 387.0 10029.232883 10867.3048844 388.0 10029.6958304 10837.8085172 387.505069623 10032 10691 10032 10691 59.0 10030.6977804 10773.9699927 34.3463868538 10028.8286698 10893.0590362 -25.7573237218
10029.232883 10867.3048844 388.0 10028.306988 10926.2976189 389.0 10028.7699355 10896.8012516 388.468972981 10032 10691 10032 10691 59.0 10028.8286698 10893.0590362 -25.7573237218 10028.9281576 10886.7202435 39.5822497507
10028.306988 10926.2976189 389.0 10027.3810931 10985.2903533 390.0 10027.8440406 10955.7939861 389.504392284 10032 10691 10032 10691 59.0 10028.9281576 10886.7202435 39.5822497507 10027.5870798 10972.1660597 13.1259099838
10027.3810931 10985.2903533 390.0 10026.4551982 11044.2830878 391.0 10026.9181456 11014.7867205 390.499221441 10032 10691 10032 10691 59.0 10027.5870798 10972.1660597 13.1259099838 10026.9102058 11015.2926001 28.9940581349
10026.4551982 11044.2830878 391.0 10025.5293032 11103.2758222 392.0 10025.9922507 11073.779455 391.476942628 10032 10691 10032 10691 59.0 10026.9102058 11015.2926001 28.9940581349 10025.8528196 11082.6632106 20.6151502843
10094.8401265 11160.6951964 394.0 10101.7103118 11219.2938359 395.0 10098.2752191 11189.9945161 394.511722795 10093 11145 10093 11145 59.0 10098.7320623 11127.4992729 -33.4232927993 10103.9847361 11199.8943345 -19.5323746694
10101.7103118 11219.2938359 395.0 10108.5804971 11277.8924754 396.0 10105.1454045 11248.5931556 395.518393779 10093 11145 10093 11145 59.0 10103.9847361 11199.8943345 -19.5323746694 10112.536333 11244.1515221 -33.9720556579
10108.5804971 11277.8924754 396.0 10115.4506824 11336.4911149 397.0 10112.0155898 11307.1917952 396.487822727 10093 11145 10093 11145 59.0 10112.536333 11244.1515221 -33.9720556579 10119.8257466 11299.1743912 -37.5723176701
10115.4506824 11336.4911149 397.0 10122.3208678 11395.0897544 398.0 10118.8857751 11365.7904347 397.484954982 10093 11145 10093 11145 59.0 10119.8257466 11299.1743912 -37.5723176701 10119.2588195 11421.2072249 26.2963572091
10063.3028678 11479.6997419 400.0 10015.0080229 11513.5908611 401.0 10039.1554453 11496.6453015 400.507072813 10127 11435 10127 11435 58.99999999999999 10073.9683702 11472.2151788 13.0296441595 10038.7610124 11496.9220966 29.018136073
10900.4372096 11565.9899221 2804.0 10938.8339007 11521.1937825 2805.0 10919.6355552 11543.5918523 2804.45991946 10879 11591 10879 11591 59.00000000000001 10898.6399386 11563.8931059 -2.76167006792 10925.4151174 11505.5385353 -20.6191782274
10938.8339007 11521.1937825 2805.0 10977.2305917 11476.397643 2806.0 10958.0322462 11498.7957128 2805.48131317 10879 11591 10879 11591 59.00000000000001 10925.4151174 11505.5385353 -20.6191782274 10955.3727272 11450.8968011 -33.5865922191
10977.2305917 11476.397643 2806.0 11015.6272827 11431.6015035 2807.0 10996.4289372 11453.9995732 2806.51509428 10879 11591 10879 11591 59.00000000000001 10955.3727272 11450.8968011 -33.5865922191 10995.9984244 11408.7011687 -30.1615220048
11015.6272827 11431.6015035 2807.0 11053.9855448 11386.7725805 2808.0 11034.8064138 11409.187042 2807.55249405 10879 11591 11047 11395 59.0 10995.9984244 11408.7011687 -30.1615220048 11079.6341705 11416.9809618 39.6282512411
11053.9855448 11386.7725805 2808.0 11092.1721633 11341.7972299 2809.0 11073.0788541 11364.2849052 2808.50471814 11047 11395 11047 11395 59.0 11079.6341705 11416.9809618 39.6282512411 11091.7454542 11341.2946613 -0.659284307698
11092.1721633 11341.7972299 2809.0 11130.3587818 11296.8218792 2810.0 11111.2654726 11319.3095545 2809.50698926 11047 11395 11047 11395 59.0 11091.7454542 11341.2946613 -0.659284307698 11139.4934245 11307.5804583 14.1134234156
11130.3587818 11296.8218792 2810.0 11171.2883119 11254.3618073 2811.0 11150.8235469 11275.5918433 2810.51605578 11047 11395 11137 11289 59.0 11139.4934245 11307.5804583 14.1134234156 11154.2378708 11237.1373822 -24.2363025987
11171.2883119 11254.3618073 2811.0 11212.7953042 11212.4312744 2812.0 11192.041808 11233.3965409 2811.49967334 11137 11289 11137 11289 59.0 11154.2378708 11237.1373822 -24.2363025987 11201.1717326 11200.6890949 -16.5222938939
11059.9638276 10848.2861758 2817.0 11107.9017494 10813.8920534 2818.0 11083.9327885 10831.0891146 2817.50804518 11052 10854 11052 10854 59.0 11064.4318765 10851.4918763 5.49908870984 11136.5376493 10834.4375132 35.2438744016
11107.9017494 10813.8920534 2818.0 11155.8396712 10779.4979311 2819.0 11131.8707103 10796.6949922 2818.50711636 11052 10854 11052 10854 59.0 11136.5376493 10834.4375132 35.2438744016 11165.2890854 10786.2776223 11.6299458502
11155.8396712 10779.4979311 2819.0 11203.777593 10745.1038087 2820.0 11179.8086321 10762.3008699 2819.5253393 11052 10854 11052 10854 59.0 11165.2890854 10786.2776223 11.6299458502 11200.3346174 10742.6335697 -4.23747115464
11203.777593 10745.1038087 2820.0 11251.7155148 10710.7096864 2821.0 11227.7465539 10727.9067475 2820.49806291 11052 10854 11052 10854 59.0 11200.3346174 10742.6335697 -4.23747115464 11255.4988644 10713.4241342 4.65638921019
11251.7155148 10710.7096864 2821.0 11299.6534367 10676.315564 2822.0 11275.6844758 10693.5126252 2821.5065613 11052 10854 11052 10854 59.0 11255.4988644 10713.4241342 4.65638921019 11326.0996429 10695.2899797 32.5488905432
11374.0364566 10735.8403332 2824.0 11408.1499956 10783.9783271 2825.0 11391.0932261 10759.9093301 2824.52092109 11321 10661 11321 10661 59.00000000000001 11362.6484117 10751.9101299 19.695835463 11417.4815194 10770.8105101 -16.1390439896
11408.1499956 10783.9783271 2825.0 11441.5329474 10832.625077 2826.0 11424.8414715 10808.301702 2825.52886625 11321 10661 11411 10788 59.0 11417.4815194 10770.8105101 -16.1390439896 11452.7289091 10816.2617483 -19.8269534642
11441.5329474 10832.625077 2826.0 11472.5365824 10882.6917015 2827.0 11457.0347649 10857.6583893 2826.49076882 11411 10788 11463 10864 59.0 11452.7289091 10816.2617483 -19.8269534642 11472.1317455 10883.4851818 0.890788352581
11472.5365824 10882.6917015 2827.0 11496.3377852 10936.5419818 2828.0 11484.4371838 10909.6168417 2827.51289271 11463 10864 11488 10913 59.0 11472.1317455 10883.4851818 0.890788352581 11487.0098865 10962.8795782 27.940627751
11496.3377852 10936.5419818 2828.0 11511.4822954 10993.4114768 2829.0 11503.9100403 10964.9767293 2828.50425768 11488 10913 11505 10961 59.00000000000001 11487.0098865 10962.8795782 27.940627751 11512.1298808 10990.1735496 -3.30205076429
11511.4822954 10993.4114768 2829.0 11507.2635438 11052.1608377 2830.0 11509.3729196 11022.7861573 2829.47685729 11505 10961 11512 10996 59.0 11512.1298808 10990.1735496 -3.30205076429 11510.1317455 11018.1521601 34.1294115992
11510.5731822 10988.8659111 2837.0 11494.7902082 10932.1723525 2838.0 11502.6816952 10960.5191318 2837.50962662 11512 10996 11505 10961 59.0 11511.935719 10995.6785948 -6.94760143255 11499.5010523 10945.4735595 -14.110781646
11494.7902082 10932.1723525 2838.0 11470.4298462 10878.5624986 2839.0 11482.6100272 10905.3674256 2838.51674024 11505 10961 11488 10913 59.0 11499.5010523 10945.4735595 -14.110781646 11453.0184747 10844.4362104 38.311348239
11470.4298462 10878.5624986 2839.0 11438.9153067 10828.7992945 2840.0 11454.6725765 10853.6808965 2839.50240854 11488 10913 11463 10864 59.0 11453.0184747 10844.4362104 38.311348239 11460.8366508 10860.8381819 -38.8205568195
11438.9153067 10828.7992945 2840.0 11405.4697205 10780.1961611 2841.0 11422.1925136 10804.4977278 2840.49863103 11463 10864 11411 10788 59.00000000000001 11460.8366508 10860.8381819 -38.8205568195 11403.7892865 10777.8248821 2.90634172424
11405.4697205 10780.1961611 2841.0 11371.3561815 10732.0581672 2842.0 11388.412951 10756.1271641 2841.48845875 11411 10788 11411 10788 59.00000000000001 11403.7892865 10777.8248821 2.90634172424 11385.3528612 10751.8090375 -24.2075178828
11371.3561815 10732.0581672 2842.0 11337.2426425 10683.9201733 2843.0 11354.299412 10707.9891702 2842.49623797 11411 10788 11411 10788 59.00000000000001 11385.3528612 10751.8090375 -24.2075178828 11351.5866407 10704.1611486 -24.8082116647
11247.9490684 10713.4120067 2845.0 11200.0111465 10747.8061291 2846.0 11223.9801074 10730.6090679 2845.4848074 11321 10661 11321 10661 59.0 11219.7265866 10733.6608505 -34.735056539 11230.1515154 10726.1812548 37.0955121239
11200.0111465 10747.8061291 2846.0 11152.0732247 10782.2002514 2847.0 11176.0421856 10765.0031902 2846.47918756 11321 10661 11321 10661 59.0 11230.1515154 10726.1812548 37.0955121239 11145.5573838 10786.8751856 -8.01942591713
11152.0732247 10782.2002514 2847.0 11104.1353029 10816.5943738 2848.0 11128.1042638 10799.3973126 2847.52905074 11321 10661 11321 10661 59.0 11145.5573838 10786.8751856 -8.01942591713 11130.1761658 10797.9107806 32.0500108146
11104.1353029 10816.5943738 2848.0 11056.1973811 10850.9884961 2849.0 11080.166342 10833.7914349 2848.47431779 11321 10661 11321 10661 59.0 11130.1761658 10797.9107806 32.0500108146 11059.5269293 10848.5996381 4.09786939997
8957.72648647 8832.69726499 7725.0 8930.53223772 8780.33818903 7726.0 8944.12936209 8806.51772701 7725.51122469 8961 8839 8961 8839 59.0 8940.11562277 8798.78978116 38.208114059 8932.17511294 8783.50133685 -3.56434328926
8930.53223772 8780.33818903 7726.0 8903.33798896 8727.97911308 7727.0 8916.93511334 8754.15865106 7726.50593631 8961 8839 8961 8839 59.0 8932.17511294 8783.50133685 -3.56434328926 8913.6492291 8747.83209783 -22.3710231467
8815.19182621 8652.18580693 7729.0 8767.62013054 8617.28689905 7730.0 8791.40597838 8634.73635299 7729.51361853 8894 8710 8894 8710 59.0 8790.04471506 8633.7377213 31.1882840591 8736.05717976 8594.13211138 39.145421874
8767.62013054 8617.28689905 7730.0 8720.04843488 8582.38799116 7731.0 8743.83428271 8599.8374451 7730.50406551 8894 8710 8894 8710 59.0 8736.05717976 8594.13211138 39.145421874 8701.93499778 8569.09985493 22.464887451
8720.04843488 8582.38799116 7731.0 8672.47673921 8547.48908328 7732.0 8696.26258705 8564.93853722 7731.48454369 8894 8710 8894 8710 59.0 8701.93499778 8569.09985493 22.464887451 8702.12973482 8569.2427153 -36.7766319077
8672.47673921 8547.48908328 7732.0 8625.01406992 8512.44274476 7733.0 8648.74540457 8529.96591402 7732.51594308 8894 8710 8642 8525 59.0 8702.12973482 8569.2427153 -36.7766319077 8621.29564797 8509.69381236 4.6242070746
8625.01406992 8512.44274476 7733.0 8577.57093184 8477.36926974 7734.0 8601.29250088 8494.90600725 7733.47329966 8642 8525 8642 8525 59.0 8621.29564797 8509.69381236 4.6242070746 8546.84608435 8454.65519107 38.2092347888
8577.57093184 8477.36926974 7734.0 8530.12779377 8442.29579473 7735.0 8553.8493628 8459.83253224 7734.50571796 8642 8525 8642 8525 59.0 8546.84608435 8454.65519107 38.2092347888 8503.70769229 8422.76410255 32.8558786407
8530.12779377 8442.29579473 7735.0 8482.68465569 8407.22231972 7736.0 8506.40622473 8424.75905722 7735.48690735 8642 8525 8642 8525 59.0 8503.70769229 8422.76410255 32.8558786407 8478.18102198 8403.89290073 5.60069168831
11197.2286088 11228.1568136 8586.0 11155.7216165 11270.0873466 8587.0 11176.4751126 11249.1220801 8586.53302026 11235 11190 11235 11190 59.0 11201.8641782 11223.4739425 6.5892173841 11177.8918815 11247.6908544 31.5138621458
11155.7216165 11270.0873466 8587.0 11116.0373524 11313.6893405 8588.0 11135.8794845 11291.8883435 8587.52640138 11235 11190 11137 11289 59.0 11177.8918815 11247.6908544 31.5138621458 11104.5836818 11327.1792192 -17.6964233267
11116.0373524 11313.6893405 8588.0 11077.8507339 11358.6646911 8589.0 11096.9440432 11336.1770158 8588.50587743 11137 11289 11137 11289 59.0 11104.5836818 11327.1792192 -17.6964233267 11100.7099376 11331.7416291 35.3184719305
10931.0540889 11250.3575182 8593.0 10902.865544 11198.526968 8594.0 10916.9598164 11224.4422431 8593.51268862 10976 11333 10976 11333 59.00000000000001 10936.3588016 11260.1113449 -11.1030226252 10890.8468385 11176.4280579 25.1557370477
10939.3770897 11265.6611005 8596.0 10967.5656346 11317.4916507 8597.0 10953.4713622 11291.5763756 8596.50429319 10883 11162 10883 11162 59.00000000000001 10943.6838183 11257.7422769 -9.01419310004 10974.2700846 11305.1641136 -14.032741012
11043.0391642 11399.6209751 8600.0 11004.6424731 11444.4171147 8601.0 11023.8408186 11422.0190449 8600.50817617 11047 11395 11047 11395 59.00000000000001 11029.6974151 11415.186349 -20.500808057 11007.9906099 11440.5109551 5.14471597999
11004.6424731 11444.4171147 8601.0 10966.2457821 11489.2132542 8602.0 10985.4441276 11466.8151844 8601.47162058 11047 11395 11047 11395 59.00000000000001 11007.9906099 11440.5109551 5.14471597999 10989.1711084 11462.4670403 35.2268441053
10966.2457821 11489.2132542 8602.0 10927.8490911 11534.0093938 8603.0 10947.0474366 11511.611324 8602.49024622 11047 11395 11047 11395 59.00000000000001 10989.1711084 11462.4670403 35.2268441053 10947.9031506 11510.612991 30.8148822071
10927.8490911 11534.0093938 8603.0 10889.4524 11578.8055333 8604.0 10908.6507455 11556.4074635 8603.52544357 11047 11395 11047 11395 59.00000000000001 10947.9031506 11510.612991 30.8148822071 10902.366931 11563.7385805 19.84434867
9137.22989903 10987.6890265 10743.0 9189.36652941 10960.0707033 10744.0 9163.29821422 10973.8798649 10743.4925742 9097 11009 9097 11009 59.0 9149.02723414 10993.9384256 13.3503597521 9156.11433357 10942.4560266 -37.6295809689
9189.36652941 10960.0707033 10744.0 9241.5031598 10932.4523802 10745.0 9215.4348446 10946.2615418 10744.531977 9097 11009 9097 11009 59.0 9156.11433357 10942.4560266 -37.6295809689 9251.16900719 10937.5726669 10.9382787551
9241.5031598 10932.4523802 10745.0 9293.63979018 10904.8340571 10746.0 9267.57147499 10918.6432187 10745.5040425 9097 11009 9097 11009 59.0 9251.16900719 10937.5726669 10.9382787551 9315.45632733 10916.3909254 24.6885094478
9293.63979018 10904.8340571 10746.0 9345.77642057 10877.215734 10747.0 9319.70810537 10891.0248955 10746.5152718 9097 11009 9097 11009 59.0 9315.45632733 10916.3909254 24.6885094478 9367.83231532 10888.8993971 24.9593765609
9345.77642057 10877.215734 10747.0 9397.91305095 10849.5974108 10748.0 9371.84473576 10863.4065724 10747.476614 9097 11009 9097 11009 59.0 9367.83231532 10888.8993971 24.9593765609 9384.37694267 10842.4269319 -15.3180284655
9397.91305095 10849.5974108 10748.0 9450.04968134 10821.9790877 10749.0 9423.98136614 10835.7882493 10748.4907385 9097 11009 9097 11009 59.0 9384.37694267 10842.4269319 -15.3180284655 9426.42148518 10809.4625298 -26.7386588438
9450.04968134 10821.9790877 10749.0 9501.95663117 10793.9362253 10750.0 9476.00315625 10807.9576565 10749.5001543 9097 11009 9485 10803 59.0 9426.42148518 10809.4625298 -26.7386588438 9512.39342982 10799.5149744 11.8342388111
9501.95663117 10793.9362253 10750.0 9553.98964574 10766.1231817 10751.0 9527.97313846 10780.0297035 10750.5149265 9485 10803 9485 10803 59.0 9512.39342982 10799.5149744 11.8342388111 9552.24126917 10765.1886275 -1.98247629436
9553.98964574 10766.1231817 10751.0 9606.02266032 10738.3101381 10752.0 9580.00615303 10752.2166599 10751.5033695 9485 10803 9485 10803 59.0 9552.24126917 10765.1886275 -1.98247629436 9636.13595944 10754.4065051 34.1453337391
9606.02266032 10738.3101381 10752.0 9658.0556749 10710.4970945 10753.0 9632.03916761 10724.4036163 10752.4917894 9485 10803 9485 10803 59.0 9636.13595944 10754.4065051 34.1453337391 9632.53203653 10696.8540244 -28.9411381615
9658.0556749 10710.4970945 10753.0 9710.08868947 10682.6840509 10754.0 9684.07218218 10696.5905727 10753.5189929 9485 10803 9485 10803 59.0 9632.53203653 10696.8540244 -28.9411381615 9684.11759938 10668.8018058 -29.4485016499
9710.08868947 10682.6840509 10754.0 9762.12170405 10654.8710073 10755.0 9736.10519676 10668.7775291 10754.4992708 9485 10803 9485 10803 59.0 9684.11759938 10668.8018058 -29.4485016499 9760.60379326 10654.0596432 -1.72115218582
9762.12170405 10654.8710073 10755.0 9814.15471863 10627.0579637 10756.0 9788.13821134 10640.9644855 10755.4866928 9485 10803 9485 10803 59.0 9760.60379326 10654.0596432 -1.72115218582 9821.63217243 10631.0548636 8.47865106553
9814.15471863 10627.0579637 10756.0 9866.1877332 10599.2449201 10757.0 9840.17122591 10613.1514419 10756.5293935 9485 10803 9485 10803 59.0 9821.63217243 10631.0548636 8.47865106553 9848.52854155 10589.8056079 -20.02367758
9866.1877332 10599.2449201 10757.0 9918.12263259 10571.2492733 10758.0 9892.15518289 10585.2470967 10757.5078272 9485 10803 9876 10594 59.0 9848.52854155 10589.8056079 -20.02367758 9913.12532145 10568.5501908 -5.67962717573
9918.12263259 10571.2492733 10758.0 9970.03472961 10543.2111888 10759.0 9944.0786811 10557.2302311 10758.4902068 9876 10594 9876 10594 59.0 9913.12532145 10568.5501908 -5.67962717573 9967.34529389 10541.7586059 -3.05664221924
9970.03472961 10543.2111888 10759.0 10021.9468266 10515.1731043 10760.0 9995.99077813 10529.1921466 10759.5013072 9876 10594 9876 10594 59.0 9967.34529389 10541.7586059 -3.05664221924 10048.7077011 10529.6268386 30.4147141361
10021.9468266 10515.1731043 10760.0 10073.8707512 10487.1569713 10761.0 10047.9087889 10501.1650378 10760.503274 9876 10594 10063 10493 59.00000000000001 10048.7077011 10529.6268386 30.4147141361 10052.0247712 10475.414757 -24.801742563
10073.8707512 10487.1569713 10761.0 10125.8393906 10459.2238276 10762.0 10099.8550709 10473.1903994 10761.5446555 10063 10493 10063 10493 59.00000000000001 10052.0247712 10475.414757 -24.801742563 10157.1030434 10476.0280409 35.4936272017
10125.8393906 10459.2238276 10762.0 10177.80803 10431.2906839 10763.0 10151.8237103 10445.2572557 10762.5022088 10063 10493 10063 10493 59.00000000000001 10157.1030434 10476.0280409 35.4936272017 10174.60477 10429.5689316 -3.63666128484
10177.80803 10431.2906839 10763.0 10229.7766694 10403.3575402 10764.0 10203.7923497 10417.324112 10763.4579614 10063 10493 10063 10493 59.00000000000001 10174.60477 10429.5689316 -3.63666128484 10194.8577402 10384.5886157 -39.6434627869
10229.7766694 10403.3575402 10764.0 10281.7453089 10375.4243965 10765.0 10255.7609891 10389.3909683 10764.5074364 10063 10493 10063 10493 59.00000000000001 10194.8577402 10384.5886157 -39.6434627869 10290.7954639 10380.2888548 10.2746416872
10281.7453089 10375.4243965 10765.0 10333.7880101 10347.6297897 10766.0 10307.7666595 10361.5270931 10765.4795158 10063 10493 10303 10364 59.0 10290.7954639 10380.2888548 10.2746416872 10299.7242969 10329.5178641 -38.5795076448
