8276.82974012 20778.1981412 1.0 8375.09984221 20767.8676367 2.0 8325.96479117 20773.032889 1.47651892312 8264 20779 8344 20774 99.0 8255.70852871 20776.8780655 -21.1624235727 8352.26094306 20763.3641918 -23.2786668525
7366.98096019 18973.4315746 18.0 7280.87809759 19022.2480774 19.0 7323.92952889 18997.839826 18.5080417435 7375 18969 7299 19011 99.0 7341.12007644 18987.7231157 -29.5471395048 7261.89849291 19034.0285216 -22.3384032933
7280.87809759 19022.2480774 19.0 7196.76372114 19074.4570007 20.0 7238.82090937 19048.352539 19.470308004 7299 19011 7299 19011 99.0 7261.89849291 19034.0285216 -22.3384032933 7189.59467657 19078.9067525 -8.43774206608
7196.76372114 19074.4570007 20.0 7126.60423319 19143.6254493 21.0 7161.68397716 19109.041225 20.4783052036 7299 19011 7183 19083 99.0 7189.59467657 19078.9067525 -8.43774206608 7100.72150635 19171.4493807 -38.0011408238
7126.60423319 19143.6254493 21.0 7049.13650503 19204.1979274 22.0 7087.87036911 19173.9116884 21.5063264286 7183 19083 7103 19169 99.0 7100.72150635 19171.4493807 -38.0011408238 7075.77364528 19186.7914793 31.8201457446
7107.10523156 19164.5868761 28.0 7174.53452187 19092.100389 29.0 7140.81987672 19128.3436325 28.5771593372 7103 19169 7103 19169 99.0 7121.76344177 19180.344452 21.521252911 7169.97971272 19087.2039692 -6.68739213258
7174.53452187 19092.100389 29.0 7256.55415238 19037.3456985 30.0 7215.54433713 19064.7230438 29.4735830912 7103 19169 7183 19083 99.0 7169.97971272 19087.2039692 -6.68739213258 7289.25559069 19057.643143 38.4885738725
7256.55415238 19037.3456985 30.0 7341.92408553 18987.2787948 31.0 7299.23911896 19012.3122467 30.4833829435 7183 19083 7299 19011 99.0 7289.25559069 19057.643143 38.4885738725 7340.82747505 18986.6727733 -1.25292325198
7341.92408553 18987.2787948 31.0 7422.02235332 18929.8147056 32.0 7381.97321942 18958.5467502 31.5430180287 7299 19011 7375 18969 99.0 7340.82747505 18986.6727733 -1.25292325198 7441.73796737 18946.2443839 25.6639780455
8171.81724734 19664.6449808 111.0 8168.14073109 19763.5766907 112.0 8169.97898921 19714.1108357 111.475218547 8175 19579 8175 19579 99.0 8172.01454024 19659.3360081 5.31263736247 8168.40290245 19756.5218977 7.05966272868
8168.14073109 19763.5766907 112.0 8164.46421484 19862.5084006 113.0 8166.30247296 19813.0425457 112.485176897 8175 19579 8175 19579 99.0 8168.40290245 19756.5218977 7.05966272868 8163.8679158 19878.5542658 -16.0569412564
8052.92750751 19937.2839008 115.0 7955.25249636 19924.0 116.0 8004.09000194 19930.6419504 115.485873379 8121 19951 7987 19924 99.0 8058.98393965 19938.5042266 -6.1781522697 7955.25249636 19917.2432015 6.75679847254
8025.39465064 19931.7362356 130.0 8122.47320652 19951.0 131.0 8073.93392858 19941.3681178 130.472644965 7987 19924 8121 19951 99.0 8053.58472487 19926.056146 -28.7566288443 8122.47320652 19939.1505246 -11.8494753869
8167.09770703 19791.6435198 133.0 8170.77422328 19692.7118099 134.0 8168.93596516 19742.1776649 133.440951575 8164 19875 8164 19875 99.0 8167.89288042 19813.0409129 21.4121631025 8170.87917634 19695.5360014 2.82614091856
8170.77422328 19692.7118099 134.0 8174.45073953 19593.7801 135.0 8172.6124814 19643.245955 134.523147908 8164 19875 8164 19875 99.0 8170.87917634 19695.5360014 2.82614091856 8174.17236383 19586.289263 -7.49600777774
8399.28909355 19526.3946347 137.0 8392.2924622 19427.6421808 138.0 8395.79077788 19477.0184077 137.468973277 8405 19607 8405 19607 99.00000000000001 8401.96809632 19564.2068452 -37.9069957004 8391.6671946 19418.8169752 8.84732806569
8392.2924622 19427.6421808 138.0 8385.29583085 19328.8897269 139.0 8388.79414653 19378.2659538 138.468443936 8405 19607 8405 19607 99.00000000000001 8391.6671946 19418.8169752 8.84732806569 8386.75649449 19349.5059508 -20.6679032923
8385.29583085 19328.8897269 139.0 8378.2991995 19230.137273 140.0 8381.79751518 19279.5135 139.500147625 8405 19607 8405 19607 99.00000000000001 8386.75649449 19349.5059508 -20.6679032923 8376.73761495 19208.0966224 22.0959006519
8378.2991995 19230.137273 140.0 8371.30256816 19131.3848191 141.0 8374.80088383 19180.7610461 140.364916689 8405 19607 8405 19607 99.00000000000001 8376.73761495 19208.0966224 22.0959006519 8372.60642219 19149.7877875 -18.4490997719
8381.21437824 19271.2829386 148.0 8388.21100959 19370.0353925 149.0 8384.71269392 19320.6591656 148.549637291 8370 19113 8370 19113 99.00000000000001 8379.94383401 19289.215763 17.9777771513 8389.45481834 19352.4799205 -17.599478893
8388.21100959 19370.0353925 149.0 8395.20764094 19468.7878464 150.0 8391.70932527 19419.4116195 149.51446824 8370 19113 8370 19113 99.00000000000001 8389.45481834 19352.4799205 -17.599478893 8395.93668335 19458.4979336 -10.3157069024
8395.20764094 19468.7878464 150.0 8402.20427229 19567.5403003 151.0 8398.70595662 19518.1640734 150.472245324 8370 19113 8370 19113 99.00000000000001 8395.93668335 19458.4979336 -10.3157069024 8401.23537016 19581.2156618 13.7096419786
6702.31111148 20824.0852615 162.0 6657.67294724 20735.719916 163.0 6679.99202936 20779.9025887 162.572681229 6725 20869 6725 20869 98.99999999999999 6704.22758303 20827.8790929 -4.25041410718 6673.09965764 20766.2585059 -34.2138695739
6657.67294724 20735.719916 163.0 6612.57465879 20647.5918517 164.0 6635.12380301 20691.6558838 163.520812109 6725 20869 6627 20675 99.0 6673.09965764 20766.2585059 -34.2138695739 6624.31112516 20669.8911378 -25.1992619841
6612.57465879 20647.5918517 164.0 6574.21260478 20556.3815812 165.0 6593.39363178 20601.9867164 164.630309199 6627 20675 6607 20637 99.0 6624.31112516 20669.8911378 -25.1992619841 6566.51047721 20537.4434087 20.444489392
6574.21260478 20556.3815812 165.0 6536.91597121 20464.675741 166.0 6555.564288 20510.5286611 165.488339989 6607 20637 6607 20637 99.0 6566.51047721 20537.4434087 20.444489392 6527.06974556 20440.4656097 26.1357727661
6536.91597121 20464.675741 166.0 6512.23352969 20369.4011781 167.0 6524.57475045 20417.0384596 166.499389612 6607 20637 6522 20428 99.0 6527.06974556 20440.4656097 26.1357727661 6507.17363756 20339.0418253 30.7781222831
6410.31222314 20243.245565 169.0 6317.0196213 20210.1171716 170.0 6363.66592222 20226.6813683 169.503843791 6511 20279 6511 20279 99.0 6407.54944533 20242.2644969 2.93179735419 6333.89614125 20216.1100583 -17.9089814356
6317.0196213 20210.1171716 170.0 6221.62886407 20185.4012157 171.0 6269.32424269 20197.7591937 170.5167143 6511 20279 6266 20192 99.0 6333.89614125 20216.1100583 -17.9089814356 6257.55622966 20190.7442598 -36.3224960492
6221.62886407 20185.4012157 171.0 6123.70582515 20170.8383022 172.0 6172.66734461 20178.1197589 171.525859262 6266 20192 6266 20192 99.0 6257.55622966 20190.7442598 -36.3224960492 6112.86955833 20169.2267548 10.9554444631
6123.70582515 20170.8383022 172.0 6025.74493971 20156.5349914 173.0 6074.72538243 20163.6866468 172.601812312 6266 20192 6071 20163 99.0 6112.86955833 20169.2267548 10.9554444631 6036.88869706 20158.1269567 -11.2568948393
6025.74493971 20156.5349914 173.0 5927.79136771 20142.1856429 174.0 5976.76815371 20149.3603171 173.564399011 6071 20163 5966 20148 99.0 6036.88869706 20158.1269567 -11.2568948393 5912.07257271 20139.7936524 15.8997526723
5927.79136771 20142.1856429 174.0 5829.42904978 20131.0218445 175.0 5878.61020874 20136.6037437 174.485187032 5966 20148 5920 20141 99.0 5912.07257271 20139.7936524 15.8997526723 5809.11096605 20128.7834115 20.4410153508
5829.42904978 20131.0218445 175.0 5731.02443265 20120.1806578 176.0 5780.22674121 20125.6012512 175.479098177 5920 20141 5920 20141 99.0 5809.11096605 20128.7834115 20.4410153508 5735.69699787 20120.695432 -4.70083589862
5731.02443265 20120.1806578 176.0 5632.57837026 20109.7795357 177.0 5681.80140145 20114.9800968 176.453806973 5920 20141 5651 20112 99.0 5735.69699787 20120.695432 -4.70083589862 5646.88601447 20111.5041178 -14.4112062751
5632.57837026 20109.7795357 177.0 5534.28980581 20097.9322534 178.0 5583.43408804 20103.8558945 177.478556326 5651 20112 5651 20112 99.0 5646.88601447 20111.5041178 -14.4112062751 5568.67315221 20102.0766746 -34.632221072
5534.28980581 20097.9322534 178.0 5436.00124136 20086.0849711 179.0 5485.14552359 20092.0086122 178.467404737 5651 20112 5651 20112 99.0 5568.67315221 20102.0766746 -34.632221072 5434.73494003 20085.9323365 1.27546711773
5436.00124136 20086.0849711 179.0 5337.54876141 20075.6979097 180.0 5386.77500138 20080.8914404 179.516667081 5651 20112 5350 20077 99.0 5434.73494003 20085.9323365 1.27546711773 5309.37329917 20072.7514561 28.3291062434
5337.54876141 20075.6979097 180.0 5239.08569177 20065.4011181 181.0 5288.31722659 20070.5495139 180.491478468 5350 20077 5350 20077 99.0 5309.37329917 20072.7514561 28.3291062434 5264.30466137 20068.038396 -25.3564915293
5239.08569177 20065.4011181 181.0 5140.62262213 20055.1043265 182.0 5189.85415695 20060.2527223 181.457511775 5350 20077 5350 20077 99.0 5264.30466137 20068.038396 -25.3564915293 5178.44985838 20059.0601159 -38.0335124937
5140.62262213 20055.1043265 182.0 5043.02371176 20043.4280105 183.0 5091.82316694 20049.2661685 182.484196422 5350 20077 5044 20045 99.0 5178.44985838 20059.0601159 -38.0335124937 5025.09560058 20014.5607128 33.9814367527
5043.02371176 20043.4280105 183.0 4990.79275346 19959.3273149 184.0 5016.90823261 20001.3776627 183.501004308 5044 20045 5044 20045 99.0 5025.09560058 20014.5607128 33.9814367527 5007.01123939 19985.4418261 -30.7409658981
4990.79275346 19959.3273149 184.0 4938.56179516 19875.2266193 185.0 4964.67727431 19917.2769671 184.497175773 5044 20045 5044 20045 99.0 5007.01123939 19985.4418261 -30.7409658981 4938.9967613 19875.9269885 -0.824446832942
4938.56179516 19875.2266193 185.0 4890.45713426 19788.7410775 186.0 4914.50946471 19831.9838484 185.458885686 5044 20045 4926 19855 99.0 4938.9967613 19875.9269885 -0.824446832942 4892.83682308 19793.1772875 -5.0341710471
4761.12760454 19761.7590903 188.0 4679.59141913 19817.9093393 189.0 4720.35951183 19789.8342148 188.452747079 4845 19704 4845 19704 99.0 4777.03676456 19750.803178 19.3166608693 4665.93342201 19827.3149785 -16.583333005
4679.59141913 19817.9093393 189.0 4598.05523372 19874.0595884 190.0 4638.82332642 19845.9844639 189.505568019 4845 19704 4845 19704 99.0 4665.93342201 19827.3149785 -16.583333005 4619.39770605 19859.3620019 25.9137062907
4598.05523372 19874.0595884 190.0 4516.51904831 19930.2098374 191.0 4557.28714101 19902.1347129 190.43494315 4845 19704 4845 19704 99.0 4619.39770605 19859.3620019 25.9137062907 4490.88930717 19947.8598703 -31.119243071
4399.00063545 19845.8900186 193.0 4350.28226721 19759.7083491 194.0 4374.64145133 19802.7991838 193.541969544 4466 19965 4358 19773 99.0 4411.06585993 19867.3393066 -24.6097866032 4344.18234889 19749.2029342 12.1479523032
4350.28226721 19759.7083491 194.0 4300.53277208 19674.116368 195.0 4325.40751964 19716.9123585 194.50897202 4358 19773 4340 19742 98.99999999999999 4344.18234889 19749.2029342 12.1479523032 4285.67272971 19648.5570951 29.5651363794
4349.75724335 19758.8041413 201.0 4398.48802713 19844.9787149 202.0 4374.12263524 19801.8914281 201.592822938 4340 19742 4358 19773 99.0 4364.99614689 19732.559363 -30.3481888983 4403.00199233 19836.9538879 -9.20726510972
4398.48802713 19844.9787149 202.0 4447.02388985 19931.2646931 203.0 4422.75595849 19888.121704 202.520254062 4358 19773 4358 19773 99.0 4403.00199233 19836.9538879 -9.20726510972 4459.59042619 19908.924184 -25.6323268626
4597.19409466 19874.6526156 205.0 4678.73028007 19818.5023665 206.0 4637.96218736 19846.577491 205.555533142 4466 19965 4466 19965 99.0 4575.1364913 19859.462551 -26.7820075376 4706.23658653 19837.4447042 33.3977402314
4678.73028007 19818.5023665 206.0 4760.26646548 19762.3521174 207.0 4719.49837277 19790.427242 206.503007375 4466 19965 4466 19965 99.0 4706.23658653 19837.4447042 33.3977402314 4787.31981131 19780.9825218 32.8477623012
4760.26646548 19762.3521174 207.0 4841.80265089 19706.2018684 208.0 4801.03455818 19734.2769929 207.489282224 4466 19965 4466 19965 99.0 4787.31981131 19780.9825218 32.8477623012 4851.76368699 19713.0615793 12.094539003
4938.01016133 19874.3383954 210.0 4990.24111963 19958.4390909 211.0 4964.12564048 19916.3887431 210.542458317 4926 19855 4926 19855 99.0 4956.81707949 19844.0560695 -35.6471517858 4991.11561136 19957.031011 -1.6575357717
4990.24111963 19958.4390909 211.0 5042.47207793 20042.5397865 212.0 5016.35659878 20000.4894387 211.511487371 4926 19855 4926 19855 99.0 4991.11561136 19957.031011 -1.6575357717 5053.35580128 20025.0151472 -20.6293096477
5238.04578053 20065.2923692 214.0 5336.50885017 20075.5891608 215.0 5287.27731535 20070.440765 214.4494847 5044 20045 5044 20045 99.0 5206.25582445 20068.6168091 31.9633103411 5338.19366978 20075.4129705 -1.69400712155
5336.50885017 20075.5891608 215.0 5434.96317316 20085.9598468 216.0 5385.73601166 20080.7745038 215.528872946 5044 20045 5427 20085 99.0 5338.19366978 20075.4129705 -1.69400712155 5411.37082505 20088.8035673 23.7631150251
5434.96317316 20085.9598468 216.0 5533.25173761 20097.8071291 217.0 5484.10745538 20091.8834879 216.47075693 5427 20085 5427 20085 99.0 5411.37082505 20088.8035673 23.7631150251 5554.01931761 20095.303894 -20.9179005917
5533.25173761 20097.8071291 217.0 5631.54030206 20109.6544114 218.0 5582.39601983 20103.7307702 217.470476623 5427 20085 5427 20085 99.0 5554.01931761 20095.303894 -20.9179005917 5592.1782915 20114.3989395 39.646921966
5631.54030206 20109.6544114 218.0 5729.98513876 20120.0661594 219.0 5680.76272041 20114.8602854 218.429734173 5427 20085 5684 20115 99.0 5592.1782915 20114.3989395 39.646921966 5741.04780636 20118.8473909 -11.1296006669
5729.98513876 20120.0661594 219.0 5828.38975589 20130.907346 220.0 5779.18744732 20125.4867527 219.476950674 5684 20115 5684 20115 99.0 5741.04780636 20118.8473909 -11.1296006669 5811.28768578 20132.7914724 17.2055437066
5828.38975589 20130.907346 220.0 5926.75768566 20142.0283435 221.0 5877.57372077 20136.4678447 220.537521494 5684 20115 5920 20141 99.0 5811.28768578 20132.7914724 17.2055437066 5913.90597396 20143.9840387 12.9996629796
5926.75768566 20142.0283435 221.0 6024.70986635 20156.3871238 222.0 5975.73377601 20149.2077336 221.479523945 5920 20141 5966 20148 99.0 5913.90597396 20143.9840387 12.9996629796 6010.41149978 20158.4297476 14.4435313802
6024.70986635 20156.3871238 222.0 6122.67161741 20170.6844969 223.0 6073.69074188 20163.5358104 222.515433069 5966 20148 6071 20163 99.0 6010.41149978 20158.4297476 14.4435313802 6087.92481804 20175.8519697 35.1289459133
6122.67161741 20170.6844969 223.0 6220.59465633 20185.2474104 224.0 6171.63313687 20177.9659537 223.508282089 6071 20163 6071 20163 99.0 6087.92481804 20175.8519697 35.1289459133 6232.76595769 20183.4373195 -12.3051617688
6220.59465633 20185.2474104 224.0 6316.03431763 20209.7672883 225.0 6268.31448698 20197.5073494 224.506000175 6071 20163 6266 20192 99.0 6232.76595769 20183.4373195 -12.3051617688 6319.9308213 20208.3836319 -4.13488160511
6316.03431763 20209.7672883 225.0 6409.32691946 20242.8956816 226.0 6362.68061855 20226.331485 225.539411455 6266 20192 6266 20192 99.0 6319.9308213 20208.3836319 -4.13488160511 6427.38573418 20236.4829596 -19.1636059217
6409.32691946 20242.8956816 226.0 6502.6195213 20276.0240749 227.0 6455.97322038 20259.4598783 226.428354678 6266 20192 6266 20192 99.0 6427.38573418 20236.4829596 -19.1636059217 6526.89898725 20267.402387 -25.7648203841
6536.52206527 20463.7071958 229.0 6573.81869884 20555.413036 230.0 6555.17038206 20509.5601159 229.501534563 6522 20428 6522 20428 99.0 6545.62115135 20441.3341488 -24.1525691543 6588.55160186 20519.1874274 -39.1069450434
6573.81869884 20555.413036 230.0 6612.08768271 20646.6665971 231.0 6592.95319077 20601.0398166 230.497664853 6522 20428 6607 20637 99.0 6588.55160186 20519.1874274 -39.1069450434 6601.49558214 20666.7915882 22.742204386
6612.08768271 20646.6665971 231.0 6657.2015042 20734.7866512 232.0 6634.64459345 20690.7266242 231.425465462 6607 20637 6627 20675 98.99999999999999 6601.49558214 20666.7915882 22.742204386 6650.72931415 20747.5989458 14.3542375975
6657.2015042 20734.7866512 232.0 6701.83966845 20823.1519967 233.0 6679.52058633 20778.9693239 232.556859313 6627 20675 6627 20675 98.99999999999999 6650.72931415 20747.5989458 14.3542375975 6689.51834962 20847.5431789 27.3266292383
12930.3971442 20561.4377845 271.0 12954.5152287 20465.4205048 272.0 12942.4561864 20513.4291446 271.555533376 12929 20567 12929 20567 99.0 12924.647348 20538.5470864 -23.6017841176 12946.118622 20431.9925048 -34.4664210885
12954.5152287 20465.4205048 272.0 12978.6333131 20369.4032251 273.0 12966.5742709 20417.4118649 272.59381114 12929 20567 12929 20567 99.0 12946.118622 20431.9925048 -34.4664210885 12975.1108101 20355.3796751 -14.4591833324
14826.0 21142.3164765 283.0 14826.0 21043.3164765 284.0 14826.0 21092.8164765 283.49011289 14826 21162 14826 21162 99.0 14859.2742455 21142.3164765 33.2742454677 14799.3562671 21043.3164765 -26.6437328797
14826.0 21043.3164765 284.0 14886.6564604 20965.9991184 285.0 14856.3282302 21004.6577974 284.463512092 14826 21162 14826 21040 99.0 14799.3562671 21043.3164765 -26.6437328797 14862.4170149 20936.4269949 -38.236908897
14886.6564604 20965.9991184 285.0 14949.4153279 20889.4333 286.0 14918.0358941 20927.7162092 285.523461156 14826 21040 14826 21040 99.0 14862.4170149 20936.4269949 -38.236908897 14961.880213 20904.6404598 19.662936436
14949.4153279 20889.4333 286.0 15012.1741954 20812.8674816 287.0 14980.7947617 20851.1503908 286.582864992 14826 21040 14826 21040 99.0 14961.880213 20904.6404598 19.662936436 15026.3550003 20830.1680635 22.3697421253
15074.9060503 20632.593967 289.0 15141.9503473 20559.7512443 290.0 15108.4281988 20596.1726057 289.470463269 15046 20664 15046 20664 99.0 15099.2443392 20659.037189 35.9387854344 15163.3481866 20582.9997076 31.5968127339
15141.9503473 20559.7512443 290.0 15208.9946442 20486.9085217 291.0 15175.4724957 20523.329883 290.556354493 15046 20664 15046 20664 99.0 15163.3481866 20582.9997076 31.5968127339 15229.5144132 20509.2029734 30.3002227591
15257.1181178 20699.2499602 295.0 15238.7348295 20796.5281937 296.0 15247.9264737 20747.8890769 295.446443404 15260 20684 15260 20684 99.0 15262.0475161 20673.1652272 26.5464171347 15239.7068069 20791.3848135 5.23441487676
15238.7348295 20796.5281937 296.0 15220.6752895 20893.8669529 297.0 15229.7050595 20845.1975733 296.541171552 15260 20684 15236 20811 99.0 15239.7068069 20791.3848135 5.23441487676 15215.5298404 20921.6904928 -28.2953179958
15220.6752895 20893.8669529 297.0 15202.6723299 20991.2162901 298.0 15211.6738097 20942.5416215 297.522669412 15236 20811 15236 20811 99.0 15215.5298404 20921.6904928 -28.2953179958 15199.185027 21010.0735578 -19.1770129628
15202.6723299 20991.2162901 298.0 15184.6693703 21088.5656272 299.0 15193.6708501 21039.8909587 298.54092174 15236 20811 15236 20811 99.0 15199.185027 21010.0735578 -19.1770129628 15188.6755241 21066.9027218 22.0302233848
15184.6693703 21088.5656272 299.0 15148.89388 21180.5499523 300.0 15166.7816252 21134.5577898 299.52875169 15236 20811 15182 21103 99.0 15188.6755241 21066.9027218 22.0302233848 15152.7070296 21171.6177801 9.71204459065
