7278.83047379 12500.2970737 3.0 7337.46511203 12505.9658918 4.0 7308.14779291 12503.1314827 3.52694347397 7232 12502 7337 12506 59.0 7264.87475676 12499.7895931 -13.964940899 7318.49799123 12504.5749696 -19.018052896
7337.46511203 12505.9658918 4.0 7396.3071046 12501.6508123 5.0 7366.88610831 12503.8083521 4.47220785434 7337 12506 7337 12506 59.0 7318.49799123 12504.5749696 -19.018052896 7383.42111646 12500.7058399 -12.9205906691
7396.3071046 12501.6508123 5.0 7455.14909717 12497.3357329 6.0 7425.72810088 12499.4932726 5.51388418075 7337 12506 7337 12506 59.0 7383.42111646 12500.7058399 -12.9205906691 7433.04945332 12495.7150923 -22.1589876596
7455.14909717 12497.3357329 6.0 7512.64369206 12486.3491159 7.0 7483.89639461 12491.8424244 6.51093996789 7337 12506 7487 12495 59.0 7433.04945332 12495.7150923 -22.1589876596 7489.77986068 12478.6360162 -24.129788504
7512.64369206 12486.3491159 7.0 7568.54828698 12467.4897345 8.0 7540.59598952 12476.9194252 7.51435818246 7487 12495 7487 12495 59.0 7489.77986068 12478.6360162 -24.129788504 7548.49699803 12460.7254443 -21.1615172173
7568.54828698 12467.4897345 8.0 7619.63956509 12438.043587 9.0 7594.09392603 12452.7666608 8.492799831 7487 12495 7570 12467 59.00000000000001 7548.49699803 12460.7254443 -21.1615172173 7603.87992756 12428.8504651 -18.2449901367
7619.63956509 12438.043587 9.0 7670.60252024 12408.3151965 10.0 7645.12104266 12423.1793918 9.49502442596 7570 12467 7570 12467 59.00000000000001 7603.87992756 12428.8504651 -18.2449901367 7653.48268348 12398.3286251 -19.8196977756
7670.60252024 12408.3151965 10.0 7721.28776309 12378.1165953 11.0 7695.94514167 12393.2158959 10.5123281503 7570 12467 7678 12404 59.0 7653.48268348 12398.3286251 -19.8196977756 7704.03812916 12367.8023812 -20.0980815873
7721.28776309 12378.1165953 11.0 7771.92585 12347.8381515 12.0 7746.60680655 12362.9773734 11.4869895884 7678 12404 7678 12404 59.0 7704.03812916 12367.8023812 -20.0980815873 7755.3839871 12337.9471407 -19.273435682
7771.92585 12347.8381515 12.0 7823.14476432 12318.5544178 13.0 7797.53530716 12333.1962847 12.4898368821 7678 12404 7775 12346 59.0 7755.3839871 12337.9471407 -19.273435682 7806.09797269 12308.8366608 -19.6221279752
7823.14476432 12318.5544178 13.0 7874.40121864 12289.3349741 14.0 7848.77299148 12303.9446959 13.4979465329 7775 12346 7775 12346 59.0 7806.09797269 12308.8366608 -19.6221279752 7854.19501627 12277.8161517 -23.2588452589
7874.40121864 12289.3349741 14.0 7925.65767296 12260.1155304 15.0 7900.0294458 12274.7252522 14.4855138942 7775 12346 7775 12346 59.0 7854.19501627 12277.8161517 -23.2588452589 7906.485692 12249.1862801 -22.0683793204
7925.65767296 12260.1155304 15.0 7976.91412728 12230.8960867 16.0 7951.28590012 12245.5058085 15.4943024989 7775 12346 7775 12346 59.0 7906.485692 12249.1862801 -22.0683793204 7961.2242053 12221.9518318 -18.0602698583
7976.91412728 12230.8960867 16.0 8028.1705816 12201.676643 17.0 8002.54235444 12216.2863648 16.493851718 7775 12346 7775 12346 59.0 7961.2242053 12221.9518318 -18.0602698583 8014.33220288 12193.7878857 -15.9290055332
8028.1705816 12201.676643 17.0 8079.42703592 12172.4571993 18.0 8053.79880876 12187.0669211 17.5373772339 7775 12346 7775 12346 59.0 8014.33220288 12193.7878857 -15.9290055332 8062.38361192 12162.741362 -19.618251586
8264.71818863 12445.5171033 22.0 8315.10705562 12414.8257025 23.0 8289.91262213 12430.1714029 22.4721952731 8259 12449 8259 12449 59.0 8253.7230861 12438.8200863 -12.8740947819 8295.26467444 12402.7398885 -23.2333163947
8315.10705562 12414.8257025 23.0 8365.49592262 12384.1343017 24.0 8340.30148912 12399.4800021 23.5231856372 8259 12449 8259 12449 59.0 8295.26467444 12402.7398885 -23.2333163947 8355.1431449 12377.8285189 -12.1220007809
8365.49592262 12384.1343017 24.0 8415.88478961 12353.4429009 25.0 8390.69035611 12368.7886013 24.497895117 8259 12449 8259 12449 59.0 8355.1431449 12377.8285189 -12.1220007809 8401.82618654 12344.8799336 -16.4611278321
8415.88478961 12353.4429009 25.0 8466.2736566 12322.7515001 26.0 8441.0792231 12338.0972005 25.4996024372 8259 12449 8259 12449 59.0 8401.82618654 12344.8799336 -16.4611278321 8457.32040994 12317.2981589 -10.4832988739
8378.22226602 12376.3828016 28.0 8327.83339903 12407.0742024 29.0 8353.02783252 12391.728502 28.4784753059 8479 12315 8479 12315 59.0 8367.74310551 12382.765563 -12.2699815818 8308.06158747 12419.1170331 -23.1506868712
