16358.2447256 10270.4941497 1.0 16371.4894511 10327.9882993 2.0 16364.8670884 10299.2412245 1.48167211683 16345 10213 16345 10213 59.0 16352.615172 10294.9315298 25.0774284986 16371.5622277 10327.6723831 -0.32419048307
16371.4894511 10327.9882993 2.0 16384.7341767 10385.482449 3.0 16378.1118139 10356.7353741 2.48482667671 16345 10213 16345 10213 59.0 16371.5622277 10327.6723831 -0.32419048307 16376.4443736 10421.4677307 36.9277854242
16384.7341767 10385.482449 3.0 16396.9057709 10443.20835 4.0 16390.8199738 10414.3453995 3.50551577279 16345 10213 16389 10404 59.0 16376.4443736 10421.4677307 36.9277854242 16397.0535964 10442.475215 -0.747889945272
16396.9057709 10443.20835 4.0 16408.5675266 10501.0443549 5.0 16402.7366487 10472.1263525 4.47937554952 16389 10404 16389 10404 59.0 16397.0535964 10442.475215 -0.747889945272 16404.0065573 10523.6642972 23.0751865434
16408.5675266 10501.0443549 5.0 16420.2292823 10558.8803597 6.0 16414.3984045 10529.9623573 5.51040052152 16389 10404 16389 10404 59.0 16404.0065573 10523.6642972 23.0751865434 16417.1656511 10574.0743145 15.4997451103
16420.2292823 10558.8803597 6.0 16431.8910381 10616.7163645 7.0 16426.0601602 10587.7983621 6.47968771301 16389 10404 16389 10404 59.0 16417.1656511 10574.0743145 15.4997451103 16424.5540181 10653.1040175 37.1199831681
16431.8910381 10616.7163645 7.0 16443.5527938 10674.5523693 8.0 16437.7219159 10645.6343669 7.49614898759 16389 10404 16389 10404 59.0 16424.5540181 10653.1040175 37.1199831681 16450.3018278 10641.0808089 -34.1452019887
16443.5527938 10674.5523693 8.0 16455.2145496 10732.3883741 9.0 16449.3836717 10703.4703717 8.53378157457 16389 10404 16389 10404 59.0 16450.3018278 10641.0808089 -34.1452019887 16459.6239143 10710.5203084 -22.3081778308
16455.2145496 10732.3883741 9.0 16461.3518872 10790.5419091 10.0 16458.2832184 10761.4651416 9.50498355724 16389 10404 16463 10771 59.0 16459.6239143 10710.5203084 -22.3081778308 16461.7448057 10785.8830176 4.67543100957
16461.3518872 10790.5419091 10.0 16456.393586 10849.3331946 11.0 16458.8727366 10819.9375519 10.5306479782 16463 10771 16463 10771 59.0 16461.7448057 10785.8830176 4.67543100957 16454.3951039 10873.0294819 -23.7804113023
16456.393586 10849.3331946 11.0 16461.8694102 10907.998574 12.0 16459.1314981 10878.6658843 11.516939921 16463 10771 16456 10854 59.00000000000001 16454.3951039 10873.0294819 -23.7804113023 16458.2954429 10940.8790737 33.0741667156
16461.8694102 10907.998574 12.0 16471.0386157 10966.1544627 13.0 16466.4540129 10937.0765184 12.5373139561 16456 10854 16466 10946 59.0 16458.2954429 10940.8790737 33.0741667156 16479.6415925 10931.7425555 -35.4709820258
16471.0386157 10966.1544627 13.0 16485.3482175 11023.3928702 14.0 16478.1934166 10994.7736664 13.5495521832 16466 10946 16466 10946 59.0 16479.6415925 10931.7425555 -35.4709820258 16491.3943356 10999.2083978 -24.9287835071
