8671.84736218 18351.5754752 1.0 8730.91573935 18093.8823559 2.0 8701.38155076 18222.7289156 1.49196728055 8378 18302 8733 18171 298.0 8670.8612972 18351.7418359 1.0 8730.91573935 18093.8823559 0.0
8765.36340709 16328.7285642 5.0 8941.73942141 15335.2636672 6.0 8853.55141425 15831.9961157 5.5 8752 16404 8752 16404 1009.0 8765.88781545 16331.6823746 3.0 8942.43863256 15339.202081 4.0
8941.73942141 15335.2636672 6.0 9408.51170492 14448.4650061 7.0 9175.12556316 14891.8643366 6.50160621157 8752 16404 9160 14804 1009.0 8942.43863256 15339.202081 4.0 9410.23040762 14450.92388 3.0
9408.51170492 14448.4650061 7.0 10074.6944801 13700.6775341 8.0 9741.60309252 14074.5712701 7.49746018261 9160 14804 9708 14020 1008.9999999999999 9410.23040762 14450.92388 3.0 10077.7110371 13703.3043923 4.0
10074.6944801 13700.6775341 8.0 10913.3681331 13177.5479024 9.0 10494.0313066 13439.1127182 8.50485375936 9708 14020 10544 13292 1009.0 10077.7110371 13703.3043923 4.0 10916.2337192 13178.4358305 3.0
10913.3681331 13177.5479024 9.0 11865.7622318 12846.1565555 10.0 11389.5651824 13011.8522289 9.50000327213 10544 13292 11396 13028 1008.9999999999999 10916.2337192 13178.4358305 3.0 11867.6273679 12846.8785437 2.0
12619.4663515 12741.4983668 11.0 13203.8607914 12972.8134014 12.0 12911.6635715 12857.1558841 11.4983993453 12284 12624 13220 12936 672.0 12618.5225679 12741.8289306 1.0 13203.8607914 12972.8134014 0.0
13273.4857108 13258.9875773 13.0 13323.210705 13447.6688885 14.0 13298.3482079 13353.3282329 13.5071909174 13200 13251 13384 13271 298.0 13272.4915663 13259.0956364 1.0 13323.210705 13447.6688885 0.0
13323.210705 13447.6688885 14.0 13527.7673888 13549.296791 15.0 13425.4890469 13498.4828397 14.548024161 13384 13271 13513 13550 298.0 13323.210705 13447.6688885 0.0 13526.7685206 13549.2492259 -1.0
13527.7673888 13549.296791 15.0 13339.3724216 13400.6988997 18.0 13433.5699052 13474.9978454 16.8741527798 13513 13550 13320 13457 298.0 13526.7685206 13549.2492259 -1.0 13339.3724216 13400.6988997 0.0
13339.3724216 13400.6988997 18.0 13224.1038331 13253.6199819 19.0 13281.7381273 13327.1594408 18.4397758164 13320 13457 13384 13271 298.0 13339.3724216 13400.6988997 0.0 13223.1096886 13253.5119227 1.0
13150.2168601 12919.0257227 20.0 12513.7496616 12704.4706937 21.0 12831.9832609 12811.7482082 20.5000656264 13220 12936 13072 12900 672.0 13150.2168601 12919.0257227 0.0 12514.6934452 12704.8012575 -1.0
11708.9161917 12906.8711516 22.0 10752.7164754 13227.3272893 23.0 11230.8163336 13067.0992205 22.4999960119 12016 12788 11396 13028 1009.0 11707.0510555 12907.5931398 -2.0 10751.7612801 13227.6232653 -1.0
10220.8784344 12879.4640573 24.0 9875.13728674 12303.2288112 25.0 10048.0078606 12591.3464343 24.5 10277 12973 9935 12403 672.0 10221.9074259 12881.1790432 -2.0 9876.680774 12305.80129 -3.0
9875.13728674 12303.2288112 25.0 9529.64652307 11726.843532 26.0 9702.39190491 12015.0361716 25.5000000327 9935 12403 9659 11943 672.0 9876.680774 12305.80129 -3.0 9530.67352666 11728.559709 -2.0
9529.64652307 11726.843532 26.0 9182.78960625 11151.2794836 27.0 9356.21806466 11439.0615078 26.5000000451 9659 11943 9463 11616 672.0 9530.67352666 11728.559709 -2.0 9184.33869166 11153.8485952 -3.0
9182.78960625 11151.2794836 27.0 8829.44982094 10579.7355854 28.0 9006.1197136 10865.5075345 27.5000003204 9463 11616 8892 10679 672.0 9184.33869166 11153.8485952 -3.0 8830.51606218 10581.4276639 -2.0
8829.44982094 10579.7355854 28.0 8459.06612739 10022.1161383 29.0 8644.25797417 10300.9258619 28.4989556764 8892 10679 8623 10218 672.0 8830.51606218 10581.4276639 -2.0 8459.70792152 10022.8830153 -1.0
8459.06612739 10022.1161383 29.0 8011.0685515 9522.0685515 30.0 8235.06733944 9772.0923449 29.5001475392 8623 10218 8102 9613 672.0000000000001 8459.70792152 10022.8830153 -1.0 8012.48276506 9523.48276506 -2.0
7719.57604518 9113.58939862 31.0 7900.11257652 8876.5017395 32.0 7809.84431085 8995.04556906 31.5000000005 7669 9180 7883 8899 298.0 7718.97017258 9112.79383694 -1.0 7898.90178673 8874.90988898 -2.0
7900.11257652 8876.5017395 32.0 8079.32045175 8639.47395852 33.0 7989.71651413 8757.98784901 32.5002130711 7883 8899 8080 8640 298.0 7898.90178673 8874.90988898 -2.0 8080.11120947 8640.08608777 -1.0
8079.32045175 8639.47395852 33.0 7843.67465069 8457.05944034 34.0 7961.49755122 8548.26669943 33.5 8080 8640 8080 8640 298.0 8080.11120947 8640.08608777 -1.0 7845.25616613 8458.28369885 -2.0
7843.67465069 8457.05944034 34.0 7769.7247771 8237.60643177 35.0 7806.6997139 8347.33293606 34.3938529104 8080 8640 7719 8308 298.0 7845.25616613 8458.28369885 -2.0 7767.97092015 8235.17250783 -3.0
7769.7247771 8237.60643177 35.0 7945.41874735 7996.91267034 36.0 7857.57176223 8117.25955106 35.500000525 7719 8308 7923 8028 298.0 7767.97092015 8235.17250783 -3.0 7944.24890553 7995.29048967 -2.0
7945.41874735 7996.91267034 36.0 8136.35968109 7774.82015946 37.0 8040.88921422 7885.8664149 36.4948262123 7923 8028 8088 7799 298.0 7944.24890553 7995.29048967 -2.0 8135.4652539 7774.37294586 -1.0
8136.35968109 7774.82015946 37.0 8548.38893022 7361.75868663 40.0 8342.37430566 7568.28942304 38.4996349625 8088 7799 8496 7431 298.0 8135.4652539 7774.37294586 -1.0 8547.18218991 7360.16376412 -2.0
8548.38893022 7361.75868663 40.0 8728.44647761 7124.3072663 41.0 8638.41770392 7243.03297646 40.4999999943 8496 7431 8639 7242 298.0 8547.18218991 7360.16376412 -2.0 8727.84139434 7123.51110411 -1.0
8978.89116061 7062.32591206 42.0 9341.77349484 7321.73105224 43.0 9160.33232772 7192.02848215 42.4998907068 8941 7040 9315 7298 448.0 8980.61429337 7061.31062221 -2.0 9344.01853565 7319.7411297 -3.0
9341.77349484 7321.73105224 43.0 9675.6062106 7620.45290409 44.0 9508.68985272 7471.09197817 43.4999918773 9315 7298 9622 7570 448.0 9344.01853565 7319.7411297 -3.0 9677.06261058 7619.08217469 -2.0
9675.6062106 7620.45290409 44.0 9996.67284172 7924.03705029 45.0 9836.13952616 7772.24497719 44.504859314 9622 7570 9992 7896 448.0 9677.06261058 7619.08217469 -2.0 9996.8372407 7923.05065637 -1.0
10314.9890776 7928.92380875 46.0 10583.1152552 7799.61367427 47.0 10449.0521664 7864.26874151 46.5000757678 10302 7934 10504 7841 298.0 10313.1262763 7928.19581744 -2.0 10580.4570015 7798.22310356 -3.0
10583.1152552 7799.61367427 47.0 10847.1684631 7661.48365068 48.0 10715.1418592 7730.54866248 47.5 10504 7841 10504 7841 298.0 10580.4570015 7798.22310356 -3.0 10845.3962939 7660.55660355 -2.0
11123.3125765 7647.11135148 49.0 11456.5295313 7938.16295502 50.0 11289.9210539 7792.63715325 49.5031130512 11042 7561 11347 7884 448.0 11123.9991339 7646.38427591 -1.0 11458.3223085 7937.27641685 -2.0
