14512.2200779 28034.774371 7.0 14555.9721553 28123.581779 8.0 14534.0961166 28079.178075 7.52066515622 14501 28012 14501 28012 98.99999999999999 14503.4610153 28052.5534045 19.8195663858 14547.2195214 28141.3477635 19.8050196525
14555.9721553 28123.581779 8.0 14599.7242326 28212.3891871 9.0 14577.848194 28167.9854831 8.46511463005 14501 28012 14501 28012 98.99999999999999 14547.2195214 28141.3477635 19.8050196525 14602.3768896 28207.0048579 -6.0022987238
14599.7242326 28212.3891871 9.0 14643.47631 28301.1965952 10.0 14621.6002713 28256.7928911 9.63816804322 14501 28012 14501 28012 98.99999999999999 14602.3768896 28207.0048579 -6.0022987238 14650.9065986 28286.1146902 -16.8128833805
14643.47631 28301.1965952 10.0 14687.2283873 28390.0040032 11.0 14665.3523487 28345.6002992 10.4691041449 14501 28012 14501 28012 98.99999999999999 14650.9065986 28286.1146902 -16.8128833805 14690.5387309 28383.2847101 -7.49047897061
14687.2283873 28390.0040032 11.0 14730.9804647 28478.8114113 12.0 14709.104426 28434.4077073 11.4708240813 14501 28012 14501 28012 98.99999999999999 14690.5387309 28383.2847101 -7.49047897061 14736.7198127 28467.161756 -12.9867079803
14730.9804647 28478.8114113 12.0 14774.824522 28567.5734374 13.0 14752.9024933 28523.1924243 12.5629192391 14501 28012 14736 28489 99.0 14736.7198127 28467.161756 -12.9867079803 14757.2479905 28603.1449892 39.6770683679
14774.824522 28567.5734374 13.0 14818.625611 28656.3566808 14.0 14796.7250665 28611.9650591 13.4845948698 14736 28489 14778 28574 99.0 14757.2479905 28603.1449892 39.6770683679 14832.5986515 28628.030381 -31.5852041341
14818.625611 28656.3566808 14.0 14862.4224154 28745.1420395 15.0 14840.5240132 28700.7493601 14.4741043487 14778 28574 14778 28574 99.0 14832.5986515 28628.030381 -31.5852041341 14865.792849 28738.3094599 -7.61865908438
14862.4224154 28745.1420395 15.0 14906.2192199 28833.9273982 16.0 14884.3208177 28789.5347188 15.4402983549 14778 28574 14778 28574 99.0 14865.792849 28738.3094599 -7.61865908438 14910.2549223 28825.7461783 -9.12245865971
14906.2192199 28833.9273982 16.0 14949.9553883 28922.7426229 17.0 14928.0873041 28878.3350105 16.5174470644 14778 28574 14925 28872 99.0 14910.2549223 28825.7461783 -9.12245865971 14958.0916095 28906.1989731 -18.4361178842
14949.9553883 28922.7426229 17.0 14993.7615043 29011.5230085 18.0 14971.8584463 28967.1328157 17.4527777076 14925 28872 14985 28994 99.0 14958.0916095 28906.1989731 -18.4361178842 14980.591963 29037.8620911 29.4479895564
14993.7615043 29011.5230085 18.0 15038.0356502 29100.0713004 19.0 15015.8985772 29055.7971545 18.531026488 14985 28994 14985 28994 99.0 14980.591963 29037.8620911 29.4479895564 15022.6302069 29130.882187 34.4476183847
15038.0356502 29100.0713004 19.0 15082.3097962 29188.6195923 20.0 15060.1727232 29144.3454464 19.5337321278 14985 28994 15071 29166 99.0 15022.6302069 29130.882187 34.4476183847 15073.855011 29205.5291627 18.9054744032
15082.3097962 29188.6195923 20.0 15126.2069425 29277.3528806 21.0 15104.2583693 29232.9862365 20.477492737 15071 29166 15114 29252 99.0 15073.855011 29205.5291627 18.9054744032 15139.9489286 29248.8118324 -31.677020263
15126.2069425 29277.3528806 21.0 15169.643594 29366.312182 22.0 15147.9252683 29321.8325313 21.475813246 15114 29252 15169 29365 99.0 15139.9489286 29248.8118324 -31.677020263 15169.5873694 29366.4268147 0.127678732214
15169.643594 29366.312182 22.0 15213.2392314 29455.1964911 23.0 15191.4414127 29410.7543366 22.5086578749 15169 29365 15169 29365 99.0 15169.5873694 29366.4268147 0.127678732214 15197.4939621 29487.2984963 35.7554505383
15213.2392314 29455.1964911 23.0 15256.8348687 29544.0808002 24.0 15235.03705 29499.6386457 23.4486826776 15169 29365 15169 29365 99.0 15197.4939621 29487.2984963 35.7554505383 15249.9354451 29558.1475861 15.6676899776
15256.8348687 29544.0808002 24.0 15300.430506 29632.9651093 25.0 15278.6326873 29588.5229548 24.50207371 15169 29365 15169 29365 99.0 15249.9354451 29558.1475861 15.6676899776 15293.6691034 29646.7504933 15.3542624518
15300.430506 29632.9651093 25.0 15344.0261433 29721.8494184 26.0 15322.2283247 29677.4072639 25.502102251 15169 29365 15169 29365 99.0 15293.6691034 29646.7504933 15.3542624518 15353.956637 29701.6027808 -22.5508545039
