7191.95813116 20584.9413836 1.0 7157.66507773 20536.9311088 2.0 7174.81160445 20560.9362462 1.4997838023 7207 20606 7207 20606 59.00000000000001 7201.15014269 20597.8101998 -15.8145346086 7171.23567872 20555.9299502 -23.347744753
7157.66507773 20536.9311088 2.0 7123.3720243 20488.920834 3.0 7140.51855102 20512.9259714 2.47964311803 7207 20606 7207 20606 59.00000000000001 7171.23567872 20555.9299502 -23.347744753 7137.80680729 20509.1295302 -24.8345396856
8476.16591348 24353.0 59.0 8535.16591348 24353.0 60.0 8505.66591348 24353.0 59.5144045147 8436 24353 8436 24353 59.0 8476.16591348 24329.7161685 -23.2838315492 8535.16591348 24339.3954145 -13.6045855436
8535.16591348 24353.0 60.0 8594.16591348 24353.0 61.0 8564.66591348 24353.0 60.4664146353 8436 24353 8436 24353 59.0 8535.16591348 24339.3954145 -13.6045855436 8594.16591348 24339.8457501 -13.1542498888
8706.36541614 24322.1072251 63.0 8761.34703215 24300.7057789 64.0 8733.85622414 24311.406502 63.5139328003 8627 24353 8627 24353 59.00000000000001 8693.33665899 24317.0358164 -13.9809763247 8745.61741603 24294.5830681 -16.8792301581
8761.34703215 24300.7057789 64.0 8816.32864816 24279.3043327 65.0 8788.83784015 24290.0050558 64.4963127593 8627 24353 8627 24353 59.00000000000001 8745.61741603 24294.5830681 -16.8792301581 8797.32618186 24271.9076737 -20.3912797155
8816.32864816 24279.3043327 65.0 8871.31026417 24257.9028864 66.0 8843.81945616 24268.6036095 65.472831008 8627 24353 8627 24353 59.00000000000001 8797.32618186 24271.9076737 -20.3912797155 8849.60991825 24249.4560851 -23.2863364519
8871.31026417 24257.9028864 66.0 8926.29188018 24236.5014402 67.0 8898.80107217 24247.2021633 66.5324146442 8627 24353 8627 24353 59.00000000000001 8849.60991825 24249.4560851 -23.2863364519 8914.44183792 24231.8888431 -12.7161139257
8926.29188018 24236.5014402 67.0 8981.27349619 24215.099994 68.0 8953.78268818 24225.8007171 67.5108208644 8627 24353 8627 24353 59.00000000000001 8914.44183792 24231.8888431 -12.7161139257 8959.65894006 24206.6865861 -23.1942766409
8981.27349619 24215.099994 68.0 9036.2551122 24193.6985477 69.0 9008.7643042 24204.3992708 68.5148537947 8627 24353 8627 24353 59.00000000000001 8959.65894006 24206.6865861 -23.1942766409 9019.51246235 24187.1815163 -17.9663024262
9036.2551122 24193.6985477 69.0 9091.23672821 24172.2971015 70.0 9063.74592021 24182.9978246 69.4714600704 8627 24353 8627 24353 59.00000000000001 9019.51246235 24187.1815163 -17.9663024262 9075.90544677 24166.3294414 -16.4517828074
9091.23672821 24172.2971015 70.0 9148.01593716 24156.2762282 71.0 9119.62633269 24164.2866648 70.4952734078 8627 24353 9092 24172 59.00000000000001 9075.90544677 24166.3294414 -16.4517828074 9135.32092219 24152.7127152 -13.1856751821
9079.75849359 24176.7649735 78.0 9024.77687758 24198.1664197 79.0 9052.26768558 24187.4656966 78.4942972471 9092 24172 9092 24172 59.00000000000001 9067.00238178 24181.7302557 -13.6884044355 9013.87871338 24202.4085008 -11.694666951
9024.77687758 24198.1664197 79.0 8969.79526157 24219.5678659 80.0 8997.28606957 24208.8671428 79.5090609654 9092 24172 9092 24172 59.00000000000001 9013.87871338 24202.4085008 -11.694666951 8951.77118702 24226.5836885 -19.3413812717
8969.79526157 24219.5678659 80.0 8914.81364556 24240.9693122 81.0 8942.30445356 24230.268589 80.4891510562 9092 24172 9092 24172 59.00000000000001 8951.77118702 24226.5836885 -19.3413812717 8898.07629936 24247.4842792 -17.9606111464
8914.81364556 24240.9693122 81.0 8859.83202955 24262.3707584 82.0 8887.32283755 24251.6700353 81.4840940177 9092 24172 9092 24172 59.00000000000001 8898.07629936 24247.4842792 -17.9606111464 8842.48835286 24269.1217379 -18.6112558825
8859.83202955 24262.3707584 82.0 8804.85041353 24283.7722046 83.0 8832.34122154 24273.0714815 82.4884639962 9092 24172 9092 24172 59.00000000000001 8842.48835286 24269.1217379 -18.6112558825 8790.11040589 24289.509713 -15.8172952016
8804.85041353 24283.7722046 83.0 8749.86879752 24305.1736509 84.0 8777.35960553 24294.4729277 83.4885621349 9092 24172 9092 24172 59.00000000000001 8790.11040589 24289.509713 -15.8172952016 8738.54374446 24309.5818973 -12.1527553975
8749.86879752 24305.1736509 84.0 8694.88718151 24326.5750971 85.0 8722.37798952 24315.874374 84.5177870249 9092 24172 9092 24172 59.00000000000001 8738.54374446 24309.5818973 -12.1527553975 8679.06584166 24332.7335111 -16.9776576039
8694.88718151 24326.5750971 85.0 8639.9055655 24347.9765433 86.0 8667.39637351 24337.2758202 85.4896018145 9092 24172 9092 24172 59.00000000000001 8679.06584166 24332.7335111 -16.9776576039 8617.66993862 24356.6317013 -23.8607389348
8522.8487811 24353.0 88.0 8463.8487811 24353.0 89.0 8493.3487811 24353.0 88.5077268285 8627 24353 8627 24353 59.0 8522.8487811 24370.3744258 -17.3744257907 8463.8487811 24365.5944708 -12.5944707744
13266.0757701 14077.2558499 236.0 13229.2703769 14031.1433458 237.0 13247.6730735 14054.1995979 236.477345013 13297 14116 13297 14116 59.0 13274.4560798 14087.7553184 -13.4338538825 13238.8383001 14043.1307438 -15.3376289688
13214.5097782 13711.6136128 248.0 13238.1942724 13657.5761746 249.0 13226.3520253 13684.5948937 248.521289448 13199 13747 13199 13747 59.00000000000001 13209.9378416 13701.1824953 -11.3890657542 13229.6755834 13638.1403308 -21.2207465658
13238.1942724 13657.5761746 249.0 13261.8787666 13603.5387363 250.0 13250.0365195 13630.5574555 249.479890064 13199 13747 13199 13747 59.00000000000001 13229.6755834 13638.1403308 -21.2207465658 13255.7989603 13589.6673336 -15.1452916369
13261.8787666 13603.5387363 250.0 13285.5632608 13549.5012981 251.0 13273.7210137 13576.5200172 250.503755114 13199 13747 13199 13747 59.00000000000001 13255.7989603 13589.6673336 -15.1452916369 13281.2128742 13539.5756587 -10.8371666473
13285.5632608 13549.5012981 251.0 13307.6157315 13494.8408204 252.0 13296.5894962 13522.1710592 251.512495057 13199 13747 13302 13512 59.0 13281.2128742 13539.5756587 -10.8371666473 13304.0797422 13484.0364084 -11.3683128927
13307.6157315 13494.8408204 252.0 13326.241847 13438.8596322 253.0 13316.9287892 13466.8502263 252.499857365 13302 13512 13320 13457 59.0 13304.0797422 13484.0364084 -11.3683128927 13322.7560984 13428.7291756 -10.7133839363
13326.241847 13438.8596322 253.0 13345.4383179 13383.0698885 254.0 13335.8400824 13410.9647604 253.484761125 13320 13457 13320 13457 59.0 13322.7560984 13428.7291756 -10.7133839363 13338.9428142 13364.1923307 -19.9638112369
13345.4383179 13383.0698885 254.0 13364.6347889 13327.2801448 255.0 13355.0365534 13355.1750167 254.478987243 13320 13457 13320 13457 59.0 13338.9428142 13364.1923307 -19.9638112369 13361.275987 13317.5186269 -10.3232157382
13364.6347889 13327.2801448 255.0 13383.8312598 13271.4904011 256.0 13374.2330244 13299.385273 255.464647881 13320 13457 13320 13457 59.0 13361.275987 13317.5186269 -10.3232157382 13379.5343483 13259.0025019 -13.2064785147
13267.2065364 13258.3050583 258.0 13208.5520131 13251.9295666 259.0 13237.8792747 13255.1173125 258.523781466 13384 13271 13384 13271 59.00000000000001 13287.0692573 13260.4640497 -19.9797128551 13223.665245 13253.5723092 -15.2022492716
13208.5520131 13251.9295666 259.0 13152.9856428 13232.8459413 260.0 13180.7688279 13242.387754 259.5056365 13384 13271 13200 13251 59.0 13223.665245 13253.5723092 -15.2022492716 13166.3584862 13238.0097125 -14.3351830712
8173.61581218 19616.2472359 321.0 8171.42475704 19675.2065378 322.0 8172.52028461 19645.7268868 321.468321107 8175 19579 8175 19579 59.0 8173.08286406 19630.5883854 -14.3510488099 8170.6358197 19696.4361243 -21.2442407872
8171.42475704 19675.2065378 322.0 8169.23370191 19734.1658396 323.0 8170.32922947 19704.6861887 322.469336925 8175 19579 8175 19579 59.0 8170.6358197 19696.4361243 -21.2442407872 8168.52047122 19753.3582289 -19.2056373296
8169.23370191 19734.1658396 323.0 8167.04264677 19793.1251415 324.0 8168.13817434 19763.6454906 323.506966743 8175 19579 8175 19579 59.0 8168.52047122 19753.3582289 -19.2056373296 8166.35504908 19811.6277703 -18.5154007062
8167.04264677 19793.1251415 324.0 8164.85159163 19852.0844434 325.0 8165.9471192 19822.6047925 324.493144953 8175 19579 8175 19579 59.0 8166.35504908 19811.6277703 -18.5154007062 8164.04962111 19873.664741 -21.5951939598
8164.85159163 19852.0844434 325.0 8162.57734641 19911.0405576 326.0 8163.71446902 19881.5625005 325.505049102 8175 19579 8164 19875 59.0 8164.04962111 19873.664741 -21.5951939598 8162.07617082 19923.7370059 -12.7063361218
8164.07207504 19873.0605262 330.0 8166.26313018 19814.1012244 331.0 8165.16760261 19843.5808753 330.522302782 8164 19875 8164 19875 59.0 8163.50268623 19857.738791 -15.3323114954 8165.57615648 19795.6153866 -18.4985980468
8166.26313018 19814.1012244 331.0 8168.45418531 19755.1419225 332.0 8167.35865774 19784.6215734 331.503797796 8164 19875 8164 19875 59.0 8165.57615648 19795.6153866 -18.4985980468 8167.74495798 19736.0572597 -19.0978365157
8168.45418531 19755.1419225 332.0 8170.64524045 19696.1826206 333.0 8169.54971288 19725.6622716 332.51497495 8164 19875 8164 19875 59.0 8167.74495798 19736.0572597 -19.0978365157 8169.78680973 19673.0830304 -23.115535296
8170.64524045 19696.1826206 333.0 8172.83629559 19637.2233188 334.0 8171.74076802 19666.7029697 333.491011407 8164 19875 8164 19875 59.0 8169.78680973 19673.0830304 -23.115535296 8171.9968706 19614.6351555 -22.6037552677
10478.2387829 18667.3673518 362.0 10485.4539968 18608.8101943 363.0 10481.8463898 18638.088773 362.487711304 10472 18718 10472 18718 59.0 10476.9693258 18657.0647052 -10.3805610209 10483.7664618 18595.1145156 -13.799253262
10485.4539968 18608.8101943 363.0 10492.6692108 18550.2530369 364.0 10489.0616038 18579.5316156 363.492346042 10472 18718 10472 18718 59.0 10483.7664618 18595.1145156 -13.799253262 10489.6659774 18525.8794275 -24.5579364561
10492.6692108 18550.2530369 364.0 10499.8844247 18491.6958794 365.0 10496.2768177 18520.9744582 364.522645181 10472 18718 10472 18718 59.0 10489.6659774 18525.8794275 -24.5579364561 10497.0517577 18468.7065499 -23.1631879187
10499.8844247 18491.6958794 365.0 10507.0996387 18433.138722 366.0 10503.4920317 18462.4173007 365.465311371 10472 18718 10472 18718 59.0 10497.0517577 18468.7065499 -23.1631879187 10504.9638378 18415.8050118 -17.464797592
10507.0996387 18433.138722 366.0 10514.3148526 18374.5815646 367.0 10510.7072456 18403.8601433 366.510278905 10472 18718 10472 18718 59.0 10504.9638378 18415.8050118 -17.464797592 10512.2694142 18357.9812167 -16.7258891092
10514.3148526 18374.5815646 367.0 10521.5300666 18316.0244071 368.0 10517.9224596 18345.3029858 367.509909324 10472 18718 10472 18718 59.0 10512.2694142 18357.9812167 -16.7258891092 10519.8742664 18302.5862818 -13.5397520934
10521.5300666 18316.0244071 368.0 10528.7452805 18257.4672497 369.0 10525.1376735 18286.7458284 368.492911572 10472 18718 10472 18718 59.0 10519.8742664 18302.5862818 -13.5397520934 10527.1432213 18244.4652741 -13.1003038871
10528.7452805 18257.4672497 369.0 10535.9604945 18198.9100922 370.0 10532.3528875 18228.188671 369.517357553 10472 18718 10472 18718 59.0 10527.1432213 18244.4652741 -13.1003038871 10533.7947031 18181.3329854 -17.710034944
10535.9604945 18198.9100922 370.0 10543.1757084 18140.3529348 371.0 10539.5681014 18169.6315135 370.545384428 10472 18718 10472 18718 59.0 10533.7947031 18181.3329854 -17.710034944 10541.454549 18126.3843677 -14.0742053926
10543.1757084 18140.3529348 371.0 10550.3909224 18081.7957774 372.0 10546.7833154 18111.0743561 371.482998809 10472 18718 10472 18718 59.0 10541.454549 18126.3843677 -14.0742053926 10547.8253801 18060.9743765 -20.978864125
10550.3909224 18081.7957774 372.0 10557.6061363 18023.2386199 373.0 10553.9985294 18052.5171986 372.478636983 10472 18718 10472 18718 59.0 10547.8253801 18060.9743765 -20.978864125 10556.1840896 18011.6975881 -11.6283116848
10557.6061363 18023.2386199 373.0 10564.8213503 17964.6814625 374.0 10561.2137433 17993.9600412 373.49858989 10472 18718 10472 18718 59.0 10556.1840896 18011.6975881 -11.6283116848 10562.0395432 17942.1049017 -22.7472975451
10564.8213503 17964.6814625 374.0 10571.311424 17906.0414717 375.0 10568.0663872 17935.3614671 374.497076706 10472 18718 10567 17947 59.0 10562.0395432 17942.1049017 -22.7472975451 10569.6325019 17890.0917113 -16.0378813303
10053.8685759 17869.3070812 425.0 10049.0550386 17928.1085053 426.0 10051.4618073 17898.7077932 425.496076752 10056 17840 10052 17895 59.0 10052.6349855 17886.2689487 -17.0066662175 10047.3263571 17947.5430765 -19.5113018429
10049.0550386 17928.1085053 426.0 10043.8276985 17986.8764805 427.0 10046.4413686 17957.4924929 426.511024529 10052 17895 10052 17895 59.0 10047.3263571 17947.5430765 -19.5113018429 10041.8819317 18008.7516163 -21.9615021431
10043.8276985 17986.8764805 427.0 10038.6003584 18045.6444558 428.0 10041.2140284 18016.2604681 427.481316002 10052 17895 10052 17895 59.0 10041.8819317 18008.7516163 -21.9615021431 10036.5016761 18069.2387323 -23.6874303137
10038.6003584 18045.6444558 428.0 10033.3730183 18104.412431 429.0 10035.9866883 18075.0284434 428.532018314 10052 17895 10052 17895 59.0 10036.5016761 18069.2387323 -23.6874303137 10031.8992384 18120.9812897 -16.6342749958
10033.3730183 18104.412431 429.0 10028.1456781 18163.1804063 430.0 10030.7593482 18133.7964186 429.49985197 10052 17895 10052 17895 59.0 10031.8992384 18120.9812897 -16.6342749958 10027.1181391 18174.732436 -11.5976388679
10028.1456781 18163.1804063 430.0 10022.918338 18221.9483815 431.0 10025.5320081 18192.5643939 430.478909186 10052 17895 10052 17895 59.0 10027.1181391 18174.732436 -11.5976388679 10021.9534427 18232.7961438 -10.890590907
10022.918338 18221.9483815 431.0 10016.910576 18280.6259683 432.0 10019.914457 18251.2871749 431.509183756 10052 17895 10019 18266 59.00000000000001 10021.9534427 18232.7961438 -10.890590907 10013.4069337 18305.1514644 -24.7744922383
10016.910576 18280.6259683 432.0 10008.5667159 18339.0329885 433.0 10012.7386459 18309.8294784 432.499064041 10019 18266 10019 18266 59.00000000000001 10013.4069337 18305.1514644 -24.7744922383 10005.2465191 18362.2743664 -23.4773370877
10008.5667159 18339.0329885 433.0 10000.2228559 18397.4400086 434.0 10004.3947859 18368.2364985 433.503672529 10019 18266 10019 18266 59.00000000000001 10005.2465191 18362.2743664 -23.4773370877 9997.63077605 18415.5845676 -18.328772493
10000.2228559 18397.4400086 434.0 9991.8789959 18455.8470287 435.0 9996.05092591 18426.6435187 434.50178004 10019 18266 10019 18266 59.00000000000001 9997.63077605 18415.5845676 -18.328772493 9988.74151156 18477.8094191 -22.185364519
8401.3764302 20762.6863377 474.0 8343.48223544 20774.0323603 475.0 8372.42933282 20768.359349 474.51295164 8415 20760 8344 20774 59.0 8379.82594298 20766.9357296 -21.9654462874 8325.175462 20775.1765336 -18.3424940089
8343.48223544 20774.0323603 475.0 8284.59713331 20777.7126792 476.0 8314.03968437 20775.8725197 475.498214172 8344 20774 8344 20774 59.0 8325.175462 20775.1765336 -18.3424940089 8270.58047669 20778.5887202 -14.0440062157
8284.59713331 20777.7126792 476.0 8225.70199583 20776.7733719 477.0 8255.14956457 20777.2430255 476.516171706 8344 20774 8264 20779 59.0 8270.58047669 20778.5887202 -14.0440062157 8245.14387725 20777.9037138 -19.4747124721
8225.70199583 20776.7733719 477.0 8167.48947055 20770.0808195 478.0 8196.59573319 20773.4270957 477.508677342 8264 20779 8178 20774 59.0 8245.14387725 20777.9037138 -19.4747124721 8180.94787973 20775.0992094 -14.3636003333
8167.48947055 20770.0808195 478.0 8112.15068876 20749.6255721 479.0 8139.82007966 20759.8531958 478.473508473 8178 20774 8119 20752 59.0 8180.94787973 20775.0992094 -14.3636003333 8124.25849244 20753.822944 -12.814711898
8112.15068876 20749.6255721 479.0 8056.40535305 20730.3005224 480.0 8084.2780209 20739.9630472 479.490255025 8119 20752 8119 20752 59.0 8124.25849244 20753.822944 -12.814711898 8077.02504664 20737.4486828 -21.8235643625
7952.30672422 20768.69802 482.0 7905.65402547 20804.8162383 483.0 7928.98037485 20786.7571292 482.481565769 8001 20731 8001 20731 59.0 7940.29140516 20778.0002025 -15.1953443986 7887.86560526 20818.5879185 -22.496378999
7905.65402547 20804.8162383 483.0 7859.00132672 20840.9344567 484.0 7882.3276761 20822.8753475 483.491596061 8001 20731 8001 20731 59.0 7887.86560526 20818.5879185 -22.496378999 7843.57076477 20852.8806982 -19.5144799641
7859.00132672 20840.9344567 484.0 7812.50971527 20877.2594278 485.0 7835.75552099 20859.0969423 484.519159224 8001 20731 7846 20851 59.0 7843.57076477 20852.8806982 -19.5144799641 7796.82319402 20889.5590865 -19.9336036152
7812.50971527 20877.2594278 485.0 7766.08034046 20913.6642785 486.0 7789.29502786 20895.4618532 485.494744513 7846 20851 7846 20851 59.0 7796.82319402 20889.5590865 -19.9336036152 7757.99361499 20920.0050064 -10.2761840854
7619.24211319 21029.8874351 490.0 7572.66802132 21066.1058703 491.0 7595.95506725 21047.9966527 490.485327948 7710 20958 7609 21038 59.0 7609.47262835 21037.6256409 -12.4628513295 7555.74467418 21079.1975162 -21.3960480175
7572.66802132 21066.1058703 491.0 7521.03582683 21093.6950873 492.0 7546.85192407 21079.9004788 491.4620559 7609 21038 7556 21079 59.0 7555.74467418 21079.1975162 -21.3960480175 7509.18572031 21098.6755668 -12.8541900208
7521.03582683 21093.6950873 492.0 7466.75230886 21116.8072917 493.0 7493.89406784 21105.2511895 492.511394732 7556 21079 7487 21108 59.0 7509.18572031 21098.6755668 -12.8541900208 7447.97421626 21124.9753409 -20.4776412347
7466.75230886 21116.8072917 493.0 7412.64903343 21140.3410034 494.0 7439.70067115 21128.5741475 493.520312498 7487 21108 7487 21108 59.0 7447.97421626 21124.9753409 -20.4776412347 7391.75177968 21149.4308402 -22.7886012791
7412.64903343 21140.3410034 494.0 7358.54575801 21163.8747151 495.0 7385.59739572 21152.1078593 494.512807124 7487 21108 7487 21108 59.0 7391.75177968 21149.4308402 -22.7886012791 7348.22345414 21168.3646859 -11.2565445166
7358.54575801 21163.8747151 495.0 7304.44248258 21187.4084269 496.0 7331.49412029 21175.641571 495.472362839 7487 21108 7487 21108 59.0 7348.22345414 21168.3646859 -11.2565445166 7285.26167046 21195.7516501 -20.9168096773
7304.44248258 21187.4084269 496.0 7249.54760277 21208.6130993 497.0 7276.99504267 21198.0107631 496.485107426 7487 21108 7264 21205 59.0 7285.26167046 21195.7516501 -20.9168096773 7229.01115879 21213.7472103 -21.1684819276
7160.58573412 21168.6347507 499.0 7109.25442516 21197.7224924 500.0 7134.92007964 21183.1786215 499.471906278 7167 21165 7167 21165 59.0 7143.5614817 21178.281827 -19.5676072347 7091.97945916 21207.5116398 -19.8557764132
7109.25442516 21197.7224924 500.0 7057.2581444 21225.5418969 501.0 7083.25628478 21211.6321946 500.513388632 7167 21165 7077 21216 59.0 7091.97945916 21207.5116398 -19.8557764132 7048.24323446 21229.8991033 -10.0126844319
7057.2581444 21225.5418969 501.0 7004.13755618 21251.2168478 502.0 7030.69785029 21238.3793724 501.517800546 7077 21216 7077 21216 59.0 7048.24323446 21229.8991033 -10.0126844319 6987.29981281 21259.3550905 -18.7013527573
7004.13755618 21251.2168478 502.0 6951.01696797 21276.8917988 503.0 6977.57726208 21264.0543233 502.503785008 7077 21216 7077 21216 59.0 6987.29981281 21259.3550905 -18.7013527573 6930.42533583 21286.844421 -22.8707236977
6951.01696797 21276.8917988 503.0 6897.89637975 21302.5667498 504.0 6924.45667386 21289.7292743 503.511900792 7077 21216 7077 21216 59.0 6930.42533583 21286.844421 -22.8707236977 6887.48820033 21307.5973698 -11.5601616258
6826.86707167 21209.3442261 506.0 6791.50222667 21162.1178803 507.0 6809.18464917 21185.7310532 506.493504923 6897 21303 6897 21303 59.0 6837.97071318 21224.1720704 -18.5244654369 6803.51873977 21178.1647767 -20.0474305124
6791.50222667 21162.1178803 507.0 6756.13738167 21114.8915345 508.0 6773.81980417 21138.5047074 507.470355092 6897 21303 6897 21303 59.0 6803.51873977 21178.1647767 -20.0474305124 6765.96071747 21128.0096538 -16.3885014143
6576.9427418 21067.4091084 512.0 6549.04093533 21015.4236374 513.0 6562.99183856 21041.4163729 512.489133628 6610 21129 6610 21129 59.0 6585.4335499 21083.2288246 -17.954309824 6556.54690575 21029.4084454 -15.871813
6549.04093533 21015.4236374 513.0 6521.13912886 20963.4381664 514.0 6535.09003209 20989.4309019 513.502786034 6610 21129 6610 21129 59.0 6556.54690575 21029.4084454 -15.871813 6528.69136051 20977.5091664 -15.9696350949
6722.5461166 20864.1423125 516.0 6695.94357427 20811.4801368 517.0 6709.24484544 20837.8112246 516.485872308 6725 20869 6725 20869 59.0 6732.15781361 20883.1695494 -21.3171401584 6704.35813368 20828.1375299 -18.6620887129
6695.94357427 20811.4801368 517.0 6669.34103195 20758.8179612 518.0 6682.64230311 20785.149049 517.477437426 6725 20869 6725 20869 59.0 6704.35813368 20828.1375299 -18.6620887129 6675.64329414 20771.293868 -13.9773659489
6669.34103195 20758.8179612 518.0 6642.73848962 20706.1557856 519.0 6656.03976078 20732.4868734 518.510530501 6725 20869 6725 20869 59.0 6675.64329414 20771.293868 -13.9773659489 6653.13778859 20726.7421529 -23.0639098904
6642.73848962 20706.1557856 519.0 6615.77799985 20653.6781997 520.0 6629.25824474 20679.9169926 519.504805407 6725 20869 6627 20675 59.0 6653.13778859 20726.7421529 -23.0639098904 6623.06111129 20667.5161114 -15.6375034158
6615.77799985 20653.6781997 520.0 6591.873075 20599.8055609 521.0 6603.82553743 20626.7418803 520.496558392 6627 20675 6607 20637 59.0 6623.06111129 20667.5161114 -15.6375034158 6599.15939633 20617.7213392 -19.340775355
6591.873075 20599.8055609 521.0 6569.64578833 20545.1525854 522.0 6580.75943167 20572.4790732 521.484262933 6607 20637 6607 20637 59.0 6599.15939633 20617.7213392 -19.340775355 6577.60263818 20564.7170751 -21.1206229599
6569.64578833 20545.1525854 522.0 6547.41850166 20490.49961 523.0 6558.53214499 20517.8260977 522.463023983 6607 20637 6607 20637 59.0 6577.60263818 20564.7170751 -21.1206229599 6553.6995935 20505.9437064 -16.6724991825
6547.41850166 20490.49961 523.0 6525.19121498 20435.8466345 524.0 6536.30485832 20463.1731222 523.488282005 6607 20637 6607 20637 59.0 6553.6995935 20505.9437064 -16.6724991825 6532.83397648 20454.6388363 -20.2869083729
6525.19121498 20435.8466345 524.0 6513.6930417 20378.1582502 525.0 6519.44212834 20407.0024423 524.503981088 6607 20637 6522 20428 59.0 6532.83397648 20454.6388363 -20.2869083729 6516.16996073 20393.0197644 -15.0665102494
6513.6930417 20378.1582502 525.0 6507.14633036 20319.8488982 526.0 6510.41968603 20349.0035742 525.494375561 6522 20428 6506 20332 59.0 6516.16996073 20393.0197644 -15.0665102494 6504.81661958 20295.1539639 -24.8045828484
6438.46761464 20253.2436019 528.0 6382.86899335 20233.500418 529.0 6410.668304 20243.37201 528.496816912 6511 20279 6511 20279 59.0 6454.44739733 20258.9180554 -16.9573841338 6393.92847153 20237.4276613 -11.736068228
6382.86899335 20233.500418 529.0 6327.27037205 20213.7572342 530.0 6355.0696827 20223.6288261 529.483586867 6511 20279 6511 20279 59.0 6393.92847153 20237.4276613 -11.736068228 6349.58884472 20221.6825693 -23.6838586378
6327.27037205 20213.7572342 530.0 6271.67175076 20194.0140503 531.0 6299.47106141 20203.8856422 530.527872515 6511 20279 6511 20279 59.0 6349.58884472 20221.6825693 -23.6838586378 6294.14832565 20201.9955279 -23.8516331509
6271.67175076 20194.0140503 531.0 6213.59508481 20184.2064485 532.0 6242.63341779 20189.1102494 531.496459377 6511 20279 6266 20192 59.0 6294.14832565 20201.9955279 -23.8516331509 6225.45105209 20185.9696436 -11.9863596262
6213.59508481 20184.2064485 532.0 6155.23691011 20175.5275405 533.0 6184.41599746 20179.8669945 532.500714885 6266 20192 6266 20192 59.0 6225.45105209 20185.9696436 -11.9863596262 6171.01385532 20177.8738554 -15.9504606234
6155.23691011 20175.5275405 533.0 6096.8787354 20166.8486324 534.0 6126.05782275 20171.1880865 533.508884358 6266 20192 6266 20192 59.0 6171.01385532 20177.8738554 -15.9504606234 6108.77236487 20168.6174286 -12.024436036
6096.8787354 20166.8486324 534.0 6038.49337561 20158.3561965 535.0 6067.6860555 20162.6024145 534.494230773 6266 20192 6071 20163 59.0 6108.77236487 20168.6174286 -12.024436036 6050.37077252 20160.0529675 -11.9979827168
6038.49337561 20158.3561965 535.0 5980.08635548 20150.0123365 536.0 6009.28986554 20154.1842665 535.45928242 6071 20163 6071 20163 59.0 6050.37077252 20160.0529675 -11.9979827168 5990.47914555 20151.4970208 -10.4983033355
5980.08635548 20150.0123365 536.0 5921.73890968 20141.2646167 537.0 5950.91263258 20145.6384766 536.508643726 6071 20163 5966 20148 59.0 5990.47914555 20151.4970208 -10.4983033355 5931.86302098 20142.8052423 -10.2406619455
5921.73890968 20141.2646167 537.0 5863.10317432 20134.7317056 538.0 5892.421042 20137.9981612 537.537592052 5966 20148 5920 20141 59.00000000000001 5931.86302098 20142.8052423 -10.2406619455 5884.42012305 20137.080183 -21.44592383
5863.10317432 20134.7317056 538.0 5804.45799846 20128.2707964 539.0 5833.78058639 20131.501251 538.488111129 5920 20141 5920 20141 59.00000000000001 5884.42012305 20137.080183 -21.44592383 5823.67580794 20130.3880127 -19.3340840496
5804.45799846 20128.2707964 539.0 5745.81282259 20121.8098872 540.0 5775.13541053 20125.0403418 539.472120752 5920 20141 5920 20141 59.00000000000001 5823.67580794 20130.3880127 -19.3340840496 5761.78773978 20123.5698357 -16.0715711026
5745.81282259 20121.8098872 540.0 5687.16764673 20115.348978 541.0 5716.49023466 20118.5794326 540.497155185 5920 20141 5920 20141 59.00000000000001 5761.78773978 20123.5698357 -16.0715711026 5708.13235847 20117.6586497 -21.0915556951
5687.16764673 20115.348978 541.0 5628.48585778 20109.2862418 542.0 5657.82675225 20112.3176099 541.459962505 5920 20141 5651 20112 59.0 5708.13235847 20117.6586497 -21.0915556951 5650.00856381 20111.8804965 -21.6784923963
5628.48585778 20109.2862418 542.0 5569.90984462 20102.2257402 543.0 5599.1978512 20105.755991 542.496612581 5651 20112 5651 20112 59.0 5650.00856381 20111.8804965 -21.6784923963 5592.32216384 20104.9272251 -22.5745448125
5569.90984462 20102.2257402 543.0 5511.33383146 20095.1652386 544.0 5540.62183804 20098.6954894 543.515442336 5651 20112 5651 20112 59.0 5592.32216384 20104.9272251 -22.5745448125 5527.45504901 20097.1084211 -16.2379066753
5511.33383146 20095.1652386 544.0 5452.75781831 20088.104737 545.0 5482.04582489 20091.6349878 544.486718965 5651 20112 5651 20112 59.0 5527.45504901 20097.1084211 -16.2379066753 5475.9177349 20090.8963341 -23.3275534658
5406.15882591 19995.3344836 547.0 5392.8013833 19937.8664165 548.0 5399.48010461 19966.60045 547.480503772 5427 20085 5427 20085 59.0 5411.47149347 20018.1913091 -23.4661226325 5396.28847338 19952.8690134 -15.4025228256
5392.8013833 19937.8664165 548.0 5382.99958275 19879.9007079 549.0 5387.90048302 19908.8835622 548.526344102 5427 20085 5384 19900 59.0 5396.28847338 19952.8690134 -15.4025228256 5383.78334402 19895.6471843 -15.7659697511
5382.99958275 19879.9007079 549.0 5380.06656209 19820.9736565 550.0 5381.53307242 19850.4371822 549.511304381 5384 19900 5384 19900 59.0 5383.78334402 19895.6471843 -15.7659697511 5380.92170323 19838.1542195 -17.2018316878
