11460.3159873 22434.0385227 1.0 11514.6319745 22457.0770454 2.0 11487.4739809 22445.557784 1.52192132344 11406 22411 11406 22411 59.00000000000001 11470.6975134 22429.6351225 -11.2767911362 11533.409147 22449.1125705 -20.3964473967
11514.6319745 22457.0770454 2.0 11568.9479618 22480.1155681 3.0 11541.7899682 22468.5963067 2.48922490654 11406 22411 11406 22411 59.00000000000001 11533.409147 22449.1125705 -20.3964473967 11589.4699974 22471.4109968 -22.2917811419
11568.9479618 22480.1155681 3.0 11623.2639491 22503.1540907 4.0 11596.1059554 22491.6348294 3.51645577448 11406 22411 11406 22411 59.00000000000001 11589.4699974 22471.4109968 -22.2917811419 11645.1446422 22493.8732349 -23.7676043721
11623.2639491 22503.1540907 4.0 11677.5799363 22526.1926134 5.0 11650.4219427 22514.6733521 4.50604062313 11406 22411 11406 22411 59.00000000000001 11645.1446422 22493.8732349 -23.7676043721 11690.5732722 22520.6813951 -14.1138337555
11677.5799363 22526.1926134 5.0 11731.8959236 22549.2311361 6.0 11704.7379299 22537.7118748 5.49150832728 11406 22411 11406 22411 59.00000000000001 11690.5732722 22520.6813951 -14.1138337555 11748.5485854 22542.167788 -18.0887266829
6698.59289579 20816.7247121 58.0 6671.99035347 20764.0625365 59.0 6685.29162463 20790.3936243 58.495606195 6725 20869 6725 20869 59.0 6708.55453951 20836.4447007 -22.0932635652 6679.80485094 20779.5320519 -17.3312514673
6671.99035347 20764.0625365 59.0 6645.38781114 20711.4003608 60.0 6658.6890823 20737.7314486 59.5272593068 6725 20869 6725 20869 59.0 6679.80485094 20779.5320519 -17.3312514673 6651.50593262 20723.5117442 -13.5689725713
6645.38781114 20711.4003608 60.0 6618.51461088 20658.8777607 61.0 6631.95121101 20685.1390608 60.504901616 6725 20869 6627 20675 59.0 6651.50593262 20723.5117442 -13.5689725713 6623.84639563 20669.0081517 -11.44782734
6618.51461088 20658.8777607 61.0 6594.08666903 20605.248398 62.0 6606.30063996 20632.0630793 61.4899000255 6627 20675 6607 20637 59.0 6623.84639563 20669.0081517 -11.44782734 6598.26260206 20615.5162804 -11.0845760139
6594.08666903 20605.248398 62.0 6571.85938236 20550.5954225 63.0 6582.9730257 20577.9219102 62.5183765543 6607 20637 6607 20637 59.0 6598.26260206 20615.5162804 -11.0845760139 6576.67172184 20562.4281161 -12.7738501646
6571.85938236 20550.5954225 63.0 6549.63209569 20495.942447 64.0 6560.74573902 20523.2689348 63.5167080456 6607 20637 6607 20637 59.0 6576.67172184 20562.4281161 -12.7738501646 6553.85078389 20506.3154568 -11.1980651258
6549.63209569 20495.942447 64.0 6527.40480901 20441.2894716 65.0 6538.51845235 20468.6159593 64.4839444844 6607 20637 6607 20637 59.0 6553.85078389 20506.3154568 -11.1980651258 6535.77691497 20461.8750027 -22.2228767097
6527.40480901 20441.2894716 65.0 6514.65900955 20383.9540573 66.0 6521.03190928 20412.6217644 65.5023805584 6607 20637 6522 20428 59.0 6535.77691497 20461.8750027 -22.2228767097 6517.87682859 20403.2609715 -19.5732290473
6514.65900955 20383.9540573 66.0 6506.59446439 20325.6986775 67.0 6510.62673697 20354.8263674 66.5011850325 6522 20428 6506 20332 59.0 6517.87682859 20403.2609715 -19.5732290473 6505.23977446 20311.3389643 -14.4234720999
6444.00462769 20255.2098066 69.0 6388.40600639 20235.4666227 70.0 6416.20531704 20245.3382146 69.5151294939 6511 20279 6511 20279 59.0 6456.45196491 20259.6298814 -13.2088328678 6407.8786429 20242.3813956 -20.6639216446
6388.40600639 20235.4666227 70.0 6332.8073851 20215.7234388 71.0 6360.60669574 20225.5950307 70.4821851397 6511 20279 6511 20279 59.0 6407.8786429 20242.3813956 -20.6639216446 6351.40474705 20222.3274 -19.7351000791
6332.8073851 20215.7234388 71.0 6277.2087638 20195.9802549 72.0 6305.00807445 20205.8518468 71.4886218183 6511 20279 6511 20279 59.0 6351.40474705 20222.3274 -19.7351000791 6299.20407751 20203.7908357 -23.3409296601
6277.2087638 20195.9802549 72.0 6219.40691912 20185.0707726 73.0 6248.30784146 20190.5255137 72.4865576135 6511 20279 6266 20192 59.0 6299.20407751 20203.7908357 -23.3409296601 6230.43107964 20186.7102631 -11.1454046367
6219.40691912 20185.0707726 73.0 6161.04874441 20176.3918646 74.0 6190.22783176 20180.7313186 73.485804153 6266 20192 6266 20192 59.0 6230.43107964 20186.7102631 -11.1454046367 6174.89984726 20178.4517722 -14.0034377747
6161.04874441 20176.3918646 74.0 6102.6905697 20167.7129565 75.0 6131.86965705 20172.0524105 74.5273156709 6266 20192 6266 20192 59.0 6174.89984726 20178.4517722 -14.0034377747 6122.86212561 20170.7128289 -20.3934034037
6102.6905697 20167.7129565 75.0 6044.31007438 20159.1871535 76.0 6073.50032204 20163.450055 75.4757268292 6266 20192 6071 20163 59.0 6122.86212561 20170.7128289 -20.3934034037 6068.02018146 20162.5743116 -23.9508250012
6044.31007438 20159.1871535 76.0 5985.90305425 20150.8432935 77.0 6015.10656431 20155.0152235 76.5285613835 6071 20163 6071 20163 59.0 6068.02018146 20162.5743116 -23.9508250012 6002.58528795 20153.2264697 -16.8516008173
5985.90305425 20150.8432935 77.0 5927.54778984 20142.1485767 78.0 5956.72542205 20146.4959351 77.4798103462 6071 20163 5966 20148 59.0 6002.58528795 20153.2264697 -16.8516008173 5949.13680845 20145.4338622 -21.8375553755
5927.54778984 20142.1485767 78.0 5868.94359079 20135.3751414 79.0 5898.24569032 20138.761859 78.4984902462 5966 20148 5920 20141 59.00000000000001 5949.13680845 20145.4338622 -21.8375553755 5882.4840138 20136.8668829 -13.6223473675
5868.94359079 20135.3751414 79.0 5810.29841493 20128.9142322 80.0 5839.62100286 20132.1446868 79.492721159 5920 20141 5920 20141 59.00000000000001 5882.4840138 20136.8668829 -13.6223473675 5829.52268773 20131.0321605 -19.3405864804
5810.29841493 20128.9142322 80.0 5751.65323906 20122.4533229 81.0 5780.975827 20125.6837776 80.520439718 5920 20141 5920 20141 59.00000000000001 5829.52268773 20131.0321605 -19.3405864804 5762.05162208 20123.5989075 -10.4612969206
5751.65323906 20122.4533229 81.0 5693.0080632 20115.9924137 82.0 5722.33065113 20119.2228683 81.5401799232 5920 20141 5920 20141 59.00000000000001 5762.05162208 20123.5989075 -10.4612969206 5712.73222971 20118.1654151 -19.8435047211
5693.0080632 20115.9924137 82.0 5634.3193864 20109.9893903 83.0 5663.6637248 20112.990902 82.5291906068 5920 20141 5651 20112 59.0 5712.73222971 20118.1654151 -19.8435047211 5647.99285191 20111.6375313 -13.7724372367
5634.3193864 20109.9893903 83.0 5575.74337325 20102.9288887 84.0 5605.03137982 20106.4591395 83.5207934763 5651 20112 5651 20112 59.0 5647.99285191 20111.6375313 -13.7724372367 5587.63709475 20104.362507 -11.9798110394
5575.74337325 20102.9288887 84.0 5517.16736009 20095.8683872 85.0 5546.45536667 20099.3986379 84.5099931368 5651 20112 5651 20112 59.0 5587.63709475 20104.362507 -11.9798110394 5528.91317646 20097.2841775 -11.8308353262
5517.16736009 20095.8683872 85.0 5458.59134693 20088.8078856 86.0 5487.87935351 20092.3381364 85.4821043823 5651 20112 5651 20112 59.0 5528.91317646 20097.2841775 -11.8308353262 5475.86620687 20090.8901231 -17.3998994006
5458.59134693 20088.8078856 86.0 5399.96553127 20082.191224 87.0 5429.2784391 20085.4995548 86.4743272949 5651 20112 5427 20085 59.0 5475.86620687 20090.8901231 -17.3998994006 5420.17249454 20084.2906488 -20.3157315686
5399.96553127 20082.191224 87.0 5341.28202153 20076.088316 88.0 5370.6237764 20079.13977 87.5230672589 5427 20085 5350 20077 59.0 5420.17249454 20084.2906488 -20.3157315686 5361.72706091 20078.2263593 -20.5565285107
5341.28202153 20076.088316 88.0 5282.60201033 20069.9518442 89.0 5311.94201593 20073.0200801 88.5136386193 5350 20077 5350 20077 59.0 5361.72706091 20078.2263593 -20.5565285107 5299.8217488 20071.7526012 -17.3136396707
5282.60201033 20069.9518442 89.0 5223.92199913 20063.8153725 90.0 5253.26200473 20066.8836083 89.4861632679 5350 20077 5350 20077 59.0 5299.8217488 20071.7526012 -17.3136396707 5247.37227096 20066.2676885 -23.5781488333
5223.92199913 20063.8153725 90.0 5165.24198793 20057.6789007 91.0 5194.58199353 20060.7471366 90.5380222311 5350 20077 5350 20077 59.0 5247.37227096 20066.2676885 -23.5781488333 5183.44385206 20059.5823636 -18.3011209669
5165.24198793 20057.6789007 91.0 5106.56197673 20051.5424289 92.0 5135.90198233 20054.6106648 91.494587809 5350 20077 5350 20077 59.0 5183.44385206 20059.5823636 -18.3011209669 5131.31436189 20054.1309137 -24.8873627374
5106.56197673 20051.5424289 92.0 5047.88196554 20045.4059572 93.0 5077.22197113 20048.4741931 92.4720950384 5350 20077 5350 20077 59.0 5131.31436189 20054.1309137 -24.8873627374 5070.48167722 20047.7693257 -22.7229504883
5067.13679745 20156.7263772 95.0 5079.10093899 20214.500587 96.0 5073.11886822 20185.6134821 95.4698223677 5044 20045 5044 20045 59.0 5071.3939331 20136.1688932 -20.9936502674 5082.28043687 20199.1469591 -15.6793844487
5079.10093899 20214.500587 96.0 5091.06508053 20272.2747968 97.0 5085.08300976 20243.3876919 96.510332522 5044 20045 5044 20045 59.0 5082.28043687 20199.1469591 -15.6793844487 5093.92498829 20258.4644527 -14.1033568719
5091.06508053 20272.2747968 97.0 5103.02922207 20330.0490066 98.0 5097.0471513 20301.1619017 97.4942854443 5044 20045 5044 20045 59.0 5093.92498829 20258.4644527 -14.1033568719 5107.07120377 20310.5304896 -19.9326395345
5103.02922207 20330.0490066 98.0 5114.9933636 20387.8232164 99.0 5109.01129284 20358.9361115 98.5098839733 5044 20045 5044 20045 59.0 5107.07120377 20310.5304896 -19.9326395345 5119.498962 20366.0659189 -22.2189201219
5096.07171692 20296.4515804 101.0 5084.10757539 20238.6773706 102.0 5090.08964616 20267.5644755 101.4876108 5120 20412 5120 20412 59.0 5100.09500309 20315.8798175 -19.840444274 5086.13636577 20248.4742926 -10.0047823675
5084.10757539 20238.6773706 102.0 5072.14343385 20180.9031608 103.0 5078.12550462 20209.7902657 102.505819702 5120 20412 5120 20412 59.0 5086.13636577 20248.4742926 -10.0047823675 5076.10303852 20200.0238834 -19.5264052128
5072.14343385 20180.9031608 103.0 5060.17929231 20123.128951 104.0 5066.16136308 20152.0160559 103.483211258 5120 20412 5120 20412 59.0 5076.10303852 20200.0238834 -19.5264052128 5063.12503284 20137.353777 -14.5266328379
5060.17929231 20123.128951 104.0 5048.21515077 20065.3547412 105.0 5054.19722154 20094.2418461 104.501252101 5120 20412 5120 20412 59.0 5063.12503284 20137.353777 -14.5266328379 5053.13471249 20089.1110458 -24.2603399762
5140.68615342 20055.1109703 108.0 5199.36616462 20061.2474421 109.0 5170.02615902 20058.1792062 108.486131837 5044 20045 5044 20045 59.0 5165.52348298 20052.5136025 -24.9727703593 5223.03809673 20058.7719459 -23.8010178608
5199.36616462 20061.2474421 109.0 5258.04617581 20067.3839138 110.0 5228.70617021 20064.3156779 109.48423413 5044 20045 5044 20045 59.0 5223.03809673 20058.7719459 -23.8010178608 5269.1635145 20066.2213163 -11.1779628025
5258.04617581 20067.3839138 110.0 5316.72618701 20073.5203856 111.0 5287.38618141 20070.4521497 110.519413425 5044 20045 5044 20045 59.0 5269.1635145 20066.2213163 -11.1779628025 5334.87785573 20071.6221718 -18.2506518421
5316.72618701 20073.5203856 111.0 5375.40797725 20079.6397898 112.0 5346.06708213 20076.5800877 111.493745711 5044 20045 5350 20077 59.0 5334.87785573 20071.6221718 -18.2506518421 5388.32573791 20078.2976848 -12.9872932605
5375.40797725 20079.6397898 112.0 5434.07903249 20085.8532762 113.0 5404.74350487 20082.746533 112.516408674 5350 20077 5427 20085 59.0 5388.32573791 20078.2976848 -12.9872932605 5456.2072361 20083.1860374 -22.2883727055
5434.07903249 20085.8532762 113.0 5492.65504565 20092.9137778 114.0 5463.36703907 20089.383527 113.493107815 5427 20085 5427 20085 59.0 5456.2072361 20083.1860374 -22.2883727055 5503.92633706 20091.5551847 -11.3528756445
5492.65504565 20092.9137778 114.0 5551.23105881 20099.9742794 115.0 5521.94305223 20096.4440286 114.50200813 5427 20085 5427 20085 59.0 5503.92633706 20091.5551847 -11.3528756445 5563.20387747 20098.5311272 -12.0594807204
5551.23105881 20099.9742794 115.0 5609.80707196 20107.034781 116.0 5580.51906538 20103.5045302 115.500189588 5427 20085 5427 20085 59.0 5563.20387747 20098.5311272 -12.0594807204 5626.68066148 20105.0009108 -16.9957244916
5609.80707196 20107.034781 116.0 5668.43700247 20113.585182 117.0 5639.12203722 20110.3099815 116.515515791 5427 20085 5651 20112 59.0 5626.68066148 20105.0009108 -16.9957244916 5691.33816546 20111.5032581 -22.9956011672
5668.43700247 20113.585182 117.0 5727.11198209 20119.7496251 118.0 5697.77449228 20116.6674036 117.513175676 5651 20112 5684 20115 59.00000000000001 5691.33816546 20111.5032581 -22.9956011672 5749.58373036 20117.2739241 -22.60771032
5727.11198209 20119.7496251 118.0 5785.75715796 20126.2105344 119.0 5756.43457003 20122.9800797 118.518521466 5684 20115 5684 20115 59.00000000000001 5749.58373036 20117.2739241 -22.60771032 5808.5777142 20123.6964053 -22.9586287036
5785.75715796 20126.2105344 119.0 5844.40233382 20132.6714436 120.0 5815.07974589 20129.440989 119.52793515 5684 20115 5684 20115 59.00000000000001 5808.5777142 20123.6964053 -22.9586287036 5859.85161311 20130.9694043 -15.542752908
5844.40233382 20132.6714436 120.0 5903.04750969 20139.1323528 121.0 5873.72492176 20135.9018982 120.492769765 5684 20115 5684 20115 59.00000000000001 5859.85161311 20130.9694043 -15.542752908 5923.06119591 20136.9274551 -20.1347761281
5903.04750969 20139.1323528 121.0 5961.46755891 20147.3102807 122.0 5932.2575343 20143.2213167 121.496556983 5684 20115 5920 20141 59.0 5923.06119591 20136.9274551 -20.1347761281 5983.36960095 20143.9773613 -22.1541823953
