11980.0475361 19903.6134204 1.0 11814.7020499 20051.9379772 2.0 11897.374793 19977.7756988 1.57077789797 12047 19888 11794 19947 298.0 11972.8525484 19905.2913029 -7.38804016777 11808.962158 20081.0332916 29.6560900646
11814.7020499 20051.9379772 2.0 11570.2075892 20128.4355673 3.0 11692.4548196 20090.1867723 2.5107892463 11794 19947 11648 20118 298.0 11808.962158 20081.0332916 29.6560900646 11533.0913515 20133.4145748 -37.4487064659
11570.2075892 20128.4355673 3.0 11774.8908662 19844.709931 6.0 11672.5492277 19986.5727491 4.22252609856 11648 20118 11794 19947 298.0 11533.0913515 20133.4145748 -37.4487064659 11777.2942281 19857.5749859 -13.0876196454
11774.8908662 19844.709931 6.0 11814.9557601 19585.499035 7.0 11794.9233132 19715.104483 6.47694264267 11794 19947 11757 19709 298.0 11777.2942281 19857.5749859 -13.0876196454 11796.5770924 19546.3349693 -43.2619863632
11814.9557601 19585.499035 7.0 11985.385813 19362.204729 8.0 11900.1707866 19473.851882 7.4999361656 11757 19709 11914 19386 298.0 11796.5770924 19546.3349693 -43.2619863632 12013.9927417 19371.7403719 30.1543505708
12273.5513772 19429.9461652 9.0 12615.3171411 19978.055686 10.0 12444.4342592 19704.0009256 9.50082547048 12201 19289 12517 19916 672.0 12276.9224442 19423.3971653 -7.36569700148 12641.6006729 19961.4660803 -31.0811689437
12615.3171411 19978.055686 10.0 13101.5345608 20411.5920708 11.0 12858.4258509 20194.8238784 10.5018808322 12517 19916 13090 20403 672.0 12641.6006729 19961.4660803 -31.0811689437 13068.3875509 20436.2832108 41.332513341
13101.5345608 20411.5920708 11.0 13700.28581 20705.656564 12.0 13400.9101854 20558.6243174 11.501622387 13090 20403 13308 20551 672.0 13068.3875509 20436.2832108 41.332513341 13743.3353098 20688.684531 -46.2742837192
13700.28581 20705.656564 12.0 14323.0313003 20958.1103639 13.0 14011.6585552 20831.8834639 12.5000107328 13308 20551 14003 20825 672.0 13743.3353098 20688.684531 -46.2742837192 14349.771332 20946.9884038 -28.9607888195
14681.7581183 21104.3992669 18.0 14060.2730323 20848.8215267 19.0 14371.0155753 20976.6103968 18.4999980697 14691 21108 14342 20966 672.0 14654.8603899 21093.9196324 28.8671185152 14096.1142243 20863.7289252 -38.8177997481
14060.2730323 20848.8215267 19.0 13435.5374586 20601.2809549 20.0 13747.9052454 20725.0512408 19.500003008 14342 20966 14003 20825 672.0 14096.1142243 20863.7289252 -38.8177997481 13429.4116329 20598.8658812 6.58470355458
13435.5374586 20601.2809549 20.0 12943.1654706 20184.4758748 21.0 13189.3514646 20392.8784149 20.4976901807 14003 20825 12944 20185 672.0 13429.4116329 20598.8658812 6.58470355458 12941.667427 20183.5350304 1.76898925693
12943.1654706 20184.4758748 21.0 12442.9877719 19778.1254394 22.0 12693.0766213 19981.3006571 21.500522151 12944 20185 12458 19813 672.0 12941.667427 20183.5350304 1.76898925693 12432.5403743 19753.8553311 26.4232146349
12442.9877719 19778.1254394 22.0 12143.8708863 19176.6313539 23.0 12293.4293291 19477.3783966 22.4999712504 12458 19813 12167 19222 672.0 12432.5403743 19753.8553311 26.4232146349 12143.1215416 19175.1614854 1.6498578772
12256.7399036 18807.5194019 24.0 12302.0018994 18361.8753822 25.0 12279.3709015 18584.697392 24.5000469299 12255 18826 12292 18433 448.0 12252.5102999 18762.5941516 -45.1239145568 12300.4699422 18350.9814646 -11.0011059453
12302.0018994 18361.8753822 25.0 12071.474624 18078.7932687 26.0 12186.7382617 18220.3343254 25.5076274637 12292 18433 12081 18097 448.0 12300.4699422 18350.9814646 -11.0011059453 12081.6328166 18098.2095609 -21.9130390685
12071.474624 18078.7932687 26.0 11861.9659267 17682.8034285 27.0 11966.7202754 17880.7983486 26.4999991572 12081 18097 12002 17946 448.0 12081.6328166 18098.2095609 -21.9130390685 11848.8894705 17658.2259927 27.8396131758
11861.9659267 17682.8034285 27.0 11720.9030632 17270.9387369 28.0 11791.4344949 17476.8710827 27.4858382217 12002 17946 11717 17349 448.00000000000006 11848.8894705 17658.2259927 27.8396131758 11720.8543204 17269.9638817 -0.976073013358
11720.9030632 17270.9387369 28.0 11684.0550495 16852.729197 29.0 11702.4790563 17061.833967 28.5033213098 11717 17349 11689 16865 448.0 11720.8543204 17269.9638817 -0.976073013358 11674.4494048 16828.8929674 25.6989153487
11776.9231581 16306.7947365 30.0 11481.7545673 15714.3745335 31.0 11629.3388627 16010.584635 30.5051917267 11763 16330 11513 15775 672.0 11772.2992006 16299.0881407 -8.987357917 11483.0837308 15716.9535075 -2.90134152726
11481.7545673 15714.3745335 31.0 11213.3375561 15101.0939492 32.0 11347.5460617 15407.7342413 31.4998400204 11513 15775 11215 15107 672.0 11483.0837308 15716.9535075 -2.90134152726 11226.6664653 15148.4466531 -49.1928692873
11213.3375561 15101.0939492 32.0 11072.3657664 14444.7635683 33.0 11142.8516612 14772.9287587 32.500131699 11215 15107 11090 14578 672.0 11226.6664653 15148.4466531 -49.1928692873 11068.3062216 14414.091452 30.939596311
11072.3657664 14444.7635683 33.0 10987.0918951 13778.3043254 34.0 11029.7288307 14111.5339468 33.499938498 11090 14578 11003 13943 672.0 11068.3062216 14414.091452 30.939596311 10985.6309906 13763.1796673 15.1950493304
10987.0918951 13778.3043254 34.0 10545.6103937 13293.3744761 35.0 10766.3511444 13535.8394007 34.5064722285 11003 13943 10701 13426 672.0 10985.6309906 13763.1796673 15.1950493304 10515.5900915 13267.7520526 39.4680520229
12616.6982575 12740.5288313 39.0 13254.4525112 12950.1965121 40.0 12935.5753844 12845.3626717 39.5002416839 12284 12624 13220 12936 672.0 12583.0979869 12752.297454 35.6016666306 13236.2376027 12957.7021528 19.7006988074
13254.4525112 12950.1965121 40.0 13875.7715125 13206.2174071 41.0 13565.1120118 13078.2069596 40.5 13220 12936 13220 12936 672.0 13236.2376027 12957.7021528 19.7006988074 13860.6577796 13212.4451765 16.3465602439
13875.7715125 13206.2174071 41.0 14462.1040184 13531.6864926 42.0 14168.9377654 13368.9519498 41.5002563547 13220 12936 14452 13524 672.0 13860.6577796 13212.4451765 16.3465602439 14431.351315 13555.0811872 38.6398823101
14462.1040184 13531.6864926 42.0 14996.9352722 13938.5519862 43.0 14729.5196453 13735.1192394 42.5 14452 13524 14452 13524 672.0 14431.351315 13555.0811872 38.6398823101 14993.4157624 13941.2294048 4.42216227243
14996.9352722 13938.5519862 43.0 15638.9770092 14071.7719686 44.0 15317.9561407 14005.1619774 43.5030685534 14452 13524 15104 14020 672.0 14993.4157624 13941.2294048 4.42216227243 15627.9008811 14072.843852 11.1278725303
15638.9770092 14071.7719686 44.0 16246.16617 13979.6392154 45.0 15942.5715896 14025.705592 44.5099318628 15104 14020 16212 14068 672.0 15627.9008811 14072.843852 11.1278725303 16241.6341455 13967.9184623 -12.5664354154
16246.16617 13979.6392154 45.0 16499.9128141 13357.7971322 46.0 16373.0394921 13668.7181738 45.4998550815 16212 14068 16431 13511 672.0 16241.6341455 13967.9184623 -12.5664354154 16512.4561667 13385.6827672 30.5768593812
16499.9128141 13357.7971322 46.0 16819.588409 12767.4891849 47.0 16659.7506116 13062.6431586 46.4999460565 16431 13511 16749 12886 672.0 16512.4561667 13385.6827672 30.5768593812 16809.1275715 12749.9264944 -20.4420453855
16819.588409 12767.4891849 47.0 17130.3405178 12257.099137 48.0 16974.9644634 12512.294161 47.5000202532 16749 12886 17023 12436 672.0 16809.1275715 12749.9264944 -20.4420453855 17153.0110818 12294.8834104 44.0636561178
17130.3405178 12257.099137 48.0 17533.5879167 11733.2802155 49.0 17331.9642172 11995.1896763 48.4960481214 17023 12436 17521 11745 672.0 17153.0110818 12294.8834104 44.0636561178 17564.044592 11761.6364305 41.6135074621
17533.5879167 11733.2802155 49.0 18157.314286 11680.8281459 50.0 17845.4511013 11707.0541807 49.4960211128 17521 11745 17905 11608 672.0 17564.044592 11761.6364305 41.6135074621 18165.9963496 11678.3221499 -9.03649511296
18157.314286 11680.8281459 50.0 18814.8866153 11744.1994792 51.0 18486.1004506 11712.5138125 50.4983176678 17905 11608 18616 11773 672.0 18165.9963496 11678.3221499 -9.03649511296 18798.7972616 11741.8696001 -16.2571718987
18814.8866153 11744.1994792 51.0 19480.8960908 11674.6296163 52.0 19147.8913531 11709.4145477 51.5005216765 18616 11773 19348 11666 672.0 18798.7972616 11741.8696001 -16.2571718987 19505.0611057 11673.0604595 -24.2159078808
19882.3626045 11871.8449201 53.0 19991.9886375 12141.6976986 54.0 19937.175621 12006.7713094 53.4990869592 19839 11744 19994 12089 298.0 19895.0001242 11834.5860259 -39.34376833 19990.5792287 12178.6242084 -36.9533970841
19656.4495089 11694.5084122 57.0 18989.7669264 11718.8857574 58.0 19323.1082177 11706.6970848 57.4977859924 19744 11705 19219 11686 672.0 19622.0604316 11690.3874071 34.6351169421 19034.0827549 11712.5282124 44.7695323671
18989.7669264 11718.8857574 58.0 18327.0864902 11729.8312961 59.0 18658.4267083 11724.3585267 58.4997644993 19219 11686 18442 11763 672.0 19034.0827549 11712.5282124 44.7695323671 18343.9417625 11734.6964119 -17.5433620951
18327.0864902 11729.8312961 59.0 17678.0947365 11634.1070605 60.0 18002.5906133 11681.9691783 59.5019068497 18442 11763 17729 11613 672.0 18343.9417625 11734.6964119 -17.5433620951 17646.1441397 11647.3548689 -34.5882214447
17678.0947365 11634.1070605 60.0 17221.0603772 12105.4628387 61.0 17449.5775568 11869.7849496 60.5045167082 17729 11613 17229 12092 672.0 17646.1441397 11647.3548689 -34.5882214447 17228.4866641 12092.8704391 14.6191062212
17221.0603772 12105.4628387 61.0 16858.0 12601.3591233 62.0 17039.5301886 12353.410981 61.5043218924 17229 12092 16858 12515 672.0 17228.4866641 12092.8704391 14.6191062212 16840.9299479 12601.3591233 17.0700520675
16858.0 12601.3591233 62.0 16572.9393431 13196.9767038 63.0 16715.4696715 12899.1679136 62.4972567541 16858 12515 16749 12886 671.9999999999999 16840.9299479 12601.3591233 17.0700520675 16597.0886011 13154.3217644 49.0166351423
16572.9393431 13196.9767038 63.0 16308.4422318 13814.2785065 64.0 16440.6907874 13505.6276052 63.4999630786 16749 12886 16376 13632 672.0 16597.0886011 13154.3217644 49.0166351423 16308.092796 13815.2213241 -1.00549014203
16308.4422318 13814.2785065 64.0 15814.8582295 14088.7927319 65.0 16061.6502307 13951.5356192 64.442295295 16376 13632 15972 14104 672.0 16308.092796 13815.2213241 -1.00549014203 15834.7974609 14090.7223349 -20.0323816956
15814.8582295 14088.7927319 65.0 15145.9830204 14024.0628729 66.0 15480.420625 14056.4278024 65.5 15972 14104 15972 14104 672.0 15834.7974609 14090.7223349 -20.0323816956 15118.4581532 14021.3991761 27.653455413
15145.9830204 14024.0628729 66.0 14602.7382837 13638.6720686 67.0 14874.3606521 13831.3674708 66.4993727929 15972 14104 15104 14020 672.0 15118.4581532 14021.3991761 27.653455413 14626.689734 13656.8928037 -30.0943043874
14602.7382837 13638.6720686 67.0 14037.5028927 13276.8228259 68.0 14320.1205882 13457.7474473 67.5000520459 15104 14020 14452 13524 672.0 14626.689734 13656.8928037 -30.0943043874 14071.7493215 13297.2450082 -39.8733421164
14037.5028927 13276.8228259 68.0 13417.8287923 13017.5173918 69.0 13727.6658425 13147.1701089 68.4999755872 14452 13524 14016 13264 672.0 14071.7493215 13297.2450082 -39.8733421164 13438.4564972 13026.0172501 -22.31030702
13417.8287923 13017.5173918 69.0 13387.8808051 12509.8410332 70.0 13402.8547987 12763.6792125 69.4966299967 14016 13264 13220 12936 672.0 13438.4564972 13026.0172501 -22.31030702 13380.2925448 12490.5785263 -20.7032814916
13387.8808051 12509.8410332 70.0 13665.7475274 11898.9213371 71.0 13526.8141663 12204.3811852 70.5002620795 13220 12936 13536 12144 672.0 13380.2925448 12490.5785263 -20.7032814916 13668.72395 11904.5434687 6.36140352566
13545.3484555 11558.9870475 72.0 13103.6644741 11485.3419275 73.0 13324.5064648 11522.1644875 72.4999825489 13604 11564 13123 11489 447.99999999999994 13548.196824 11559.2304978 -2.85875344433 13085.83629 11481.9690278 18.1444371687
13103.6644741 11485.3419275 73.0 12658.384495 11469.7597287 74.0 12881.0244845 11477.5508281 73.5010085366 13123 11489 12686 11462 448.0 13085.83629 11481.9690278 18.1444371687 12646.3646978 11473.1371924 -12.4853028125
12700.3592563 11461.2442497 78.0 13145.9963131 11493.2493187 79.0 12923.1777847 11477.2467842 78.49958906 12686 11462 13123 11489 448.0 12694.9450804 11460.959293 -5.42166957111 13156.2263589 11491.3589842 -10.4032303961
13145.9963131 11493.2493187 79.0 13588.2561529 11562.654372 80.0 13367.126233 11527.9518454 79.500109746 13123 11489 13487 11554 448.0 13156.2263589 11491.3589842 -10.4032303961 13615.0817379 11560.361587 -26.9233889586
13635.5237571 11956.0106811 81.0 13364.2047128 12569.9418829 82.0 13499.8642349 12262.976282 81.4998977028 13752 11736 13428 12408 672.0 13641.3765495 11944.9554064 12.5089678793 13361.8374696 12575.9510386 -6.45862153359
13364.2047128 12569.9418829 82.0 12952.8506838 12858.2674984 83.0 13158.5276983 12714.1046907 82.5070973603 13428 12408 13072 12900 672.0 13361.8374696 12575.9510386 -6.45862153359 12915.377928 12845.142523 39.7048159002
12952.8506838 12858.2674984 83.0 12318.6280757 12636.1286153 84.0 12635.7393798 12747.1980569 83.5 13072 12900 13072 12900 672.0 12915.377928 12845.142523 39.7048159002 12322.664337 12637.5423312 -4.27668068954
11419.4250234 13018.932249 85.0 10474.6817525 13352.3632586 86.0 10947.0533879 13185.6477538 85.5000011114 12016 12788 10544 13292 1008.9999999999999 11382.9879817 13033.0369103 -39.0717222657 10463.878629 13361.7707632 -14.3251045116
10474.6817525 13352.3632586 86.0 9713.75525858 14014.9882437 87.0 10094.2185055 13683.6757512 86.5 10544 13292 10544 13292 1008.9999999999999 10463.878629 13361.7707632 -14.3251045116 9729.97268325 14000.8658931 21.5045495376
9713.75525858 14014.9882437 87.0 9142.3795391 14845.2252293 88.0 9428.06739884 14430.1067365 87.4997758478 10544 13292 9160 14804 1008.9999999999999 9729.97268325 14000.8658931 21.5045495376 9136.84018242 14858.1852336 -14.0941897262
9142.3795391 14845.2252293 88.0 8858.07691022 15806.5055669 89.0 9000.22822466 15325.8653981 88.5003427074 9160 14804 8948 15300 1009.0 9136.84018242 14858.1852336 -14.0941897262 8856.71884752 15814.1550629 -7.76911344723
8858.07691022 15806.5055669 89.0 8706.0768084 16803.531767 90.0 8782.07685931 16305.0186669 89.499899131 8948 15300 8752 16404 1009.0 8856.71884752 15814.1550629 -7.76911344723 8706.60531348 16798.9337727 4.62826844772
8706.0768084 16803.531767 90.0 8584.79229014 17805.1993991 91.0 8645.43454927 17304.365583 90.4999965105 8752 16404 8652 17274 1008.9999999999999 8706.60531348 16798.9337727 4.62826844772 8578.98506108 17851.0988442 -46.2653538814
8584.79229014 17805.1993991 91.0 8582.23170297 18811.0622398 92.0 8583.51199656 18308.1308195 91.5002916091 8652 17274 8548 18096 1009.0 8578.98506108 17851.0988442 -46.2653538814 8583.63461357 18781.7569962 -29.3388047623
8582.23170297 18811.0622398 92.0 8870.94311434 19774.774347 93.0 8726.58740865 19292.9182934 92.5001888049 8548 18096 8843 19730 1009.0 8583.63461357 18781.7569962 -29.3388047623 8881.43650582 19757.9603746 -19.8197106469
8870.94311434 19774.774347 93.0 9442.75235754 20585.0485172 94.0 9156.84773594 20179.9114321 93.501883804 8843 19730 9356 20552 1009.0 8881.43650582 19757.9603746 -19.8197106469 9454.59705758 20580.5362505 -12.6750727755
9442.75235754 20585.0485172 94.0 10414.2382646 20787.5620214 95.0 9928.49531106 20686.3052693 94.5031197615 9356 20552 10364 20772 1009.0 9454.59705758 20580.5362505 -12.6750727755 10446.72693 20777.4981923 -34.0116749856
10414.2382646 20787.5620214 95.0 11378.0562307 21086.1184284 96.0 10896.1472476 20936.8402249 95.5 10364 20772 10364 20772 1009.0 10446.72693 20777.4981923 -34.0116749856 11401.4151636 21078.8826646 -24.4539571774
11378.0562307 21086.1184284 96.0 12205.5778739 21646.1890077 97.0 11791.8170523 21366.153718 96.4980899973 10364 20772 12036 21504 1009.0 11401.4151636 21078.8826646 -24.4539571774 12174.7976135 21671.9978859 40.1686771606
12094.3855893 22264.4699569 98.0 11828.6226616 22881.6400457 99.0 11961.5041254 22573.0550013 98.5000022943 12191 22043 11906 22694 672.0 12107.0124063 22235.5254071 31.5788453123 11840.8972007 22851.8742883 32.1972766392
11828.6226616 22881.6400457 99.0 11571.0571717 23502.3172069 100.0 11699.8399166 23191.9786263 99.499999653 11906 22694 11666 23276 672.0 11840.8972007 22851.8742883 32.1972766392 11552.4100819 23546.7666651 -48.2023681313
11571.0571717 23502.3172069 100.0 11306.6913636 24120.1210589 101.0 11438.8742677 23811.2191329 100.499997345 11666 23276 11455 23778 672.0 11552.4100819 23546.7666651 -48.2023681313 11293.4068206 24150.7660843 -33.4005488491
11306.6913636 24120.1210589 101.0 11041.8700568 24737.723331 102.0 11174.2807102 24428.922195 101.500004157 11455 23778 11196 24373 672.0 11293.4068206 24150.7660843 -33.4005488491 11034.1791974 24755.9224934 -19.7575006309
11416.8575133 25134.8189607 104.0 11864.6304831 25148.0256359 105.0 11640.7439982 25141.4222983 104.499999159 11325 25133 11640 25144 448.00000000000006 11393.2976463 25135.2854927 23.5644856773 11879.5725149 25147.7578576 -14.9444309973
11864.6304831 25148.0256359 105.0 12312.4976056 25158.4046058 106.0 12088.5640444 25153.2151209 105.499996232 11640 25144 12260 25158 448.0 11879.5725149 25147.7578576 -14.9444309973 12309.4396878 25158.4281736 3.05800867224
12312.4976056 25158.4046058 106.0 12760.4843006 25161.8572971 107.0 12536.4909531 25160.1309515 106.5 12260 25158 12260 25158 448.0 12309.4396878 25158.4281736 3.05800867224 12737.3733316 25162.0354163 23.1116554373
13124.2176856 25237.2297551 108.0 13256.3668886 25504.3263097 109.0 13190.2922871 25370.7780324 108.499999977 13089 25166 13222 25435 298.0 13124.5233231 25236.611586 -0.689599405993 13259.4763556 25498.053764 -7.00097236387
13256.3668886 25504.3263097 109.0 13389.0731211 25771.1462422 110.0 13322.7200048 25637.7362759 109.499999846 13222 25435 13348 25689 298.0 13259.4763556 25498.053764 -7.00097236387 13409.6826085 25729.9272674 -46.0842147941
13389.0731211 25771.1462422 110.0 13521.5590789 26038.0759103 111.0 13455.3161 25904.6110762 110.499999969 13348 25689 13393 25779 298.0 13409.6826085 25729.9272674 -46.0842147941 13536.0077159 26008.9586063 -32.5050842644
13521.5590789 26038.0759103 111.0 13654.1131426 26304.9717869 112.0 13587.8361108 26171.5238486 111.500000011 13393 25779 13590 26176 298.0 13536.0077159 26008.9586063 -32.5050842644 13664.5518368 26283.9730183 -23.4502584241
13654.1131426 26304.9717869 112.0 13786.1687822 26572.1075064 113.0 13720.1409624 26438.5396466 112.499994009 13590 26176 13707 26410 298.0 13664.5518368 26283.9730183 -23.4502584241 13766.8949462 26611.5729801 43.9204323
13786.1687822 26572.1075064 113.0 13605.7930986 26207.7698379 116.0 13695.9809404 26389.9386722 114.795849796 13707 26410 13676 26349 298.0 13766.8949462 26611.5729801 43.9204323 13595.0759638 26186.2109505 24.0757680082
13605.7930986 26207.7698379 116.0 13473.3082963 25940.8395616 117.0 13539.5506975 26074.3046998 116.49999999 13676 26349 13590 26176 298.0 13595.0759638 26186.2109505 24.0757680082 13486.85799 25968.1452896 -30.4827324909
13473.3082963 25940.8395616 117.0 13340.5719291 25674.0346219 118.0 13406.9401127 25807.4370918 117.499999721 13590 26176 13348 25689 298.0 13486.85799 25968.1452896 -30.4827324909 13350.7226697 25694.4853786 -22.8313596323
13340.5719291 25674.0346219 118.0 13208.1839812 25407.0563229 119.0 13274.3779552 25540.5454724 118.500000018 13348 25689 13222 25435 298.00000000000006 13350.7226697 25694.4853786 -22.8313596323 13196.9882859 25384.4123978 25.2604619506
13045.2706426 25165.5627064 120.0 12597.3002799 25160.5996168 121.0 12821.2854612 25163.0811616 120.500000048 13089 25166 12779 25162 448.0 13020.597163 25165.3159716 24.6747131759 12551.2389739 25160.2446164 46.0626740119
12597.3002799 25160.5996168 121.0 12149.3405686 25155.4114753 122.0 12373.3204242 25158.005546 121.499994534 12779 25162 12260 25158 448.0 12551.2389739 25160.2446164 46.0626740119 12171.5213798 25155.9303247 -22.1868788002
12149.3405686 25155.4114753 122.0 11701.4678151 25145.1015737 123.0 11925.4041918 25150.2565245 122.500003923 12260 25158 11919 25149 448.00000000000006 12171.5213798 25155.9303247 -22.1868788002 11694.0095436 25144.967913 7.45946908831
11701.4678151 25145.1015737 123.0 11253.7042555 25134.5843499 124.0 11477.5860353 25139.8429618 123.499950642 11919 25149 11325 25133 448.0 11694.0095436 25144.967913 7.45946908831 11281.540893 25133.9657579 27.8435098796
11253.7042555 25134.5843499 124.0 10917.7675723 25106.6618214 125.0 11085.7359139 25120.6230856 124.51957964 11325 25133 10948 25127 447.99999999999994 11281.540893 25133.9657579 27.8435098796 10942.6583433 25123.4065219 -29.9989245978
11137.1550826 24512.2468838 126.0 11404.0500718 23895.5322206 127.0 11270.6025772 24203.8895522 126.500001064 10893 25090 11279 24184 672.0 11126.850836 24487.8635676 -26.4711844851 11413.535993 23917.414516 23.8498962334
11404.0500718 23895.5322206 127.0 11665.7516103 23276.5920916 128.0 11534.9008411 23586.0621561 127.49999821 11279 24184 11494 23686 672.0 11413.535993 23917.414516 23.8498962334 11667.784861 23281.4387937 5.25591371449
11665.7516103 23276.5920916 128.0 11923.3032638 22655.9328197 129.0 11794.5274371 22966.2624557 128.499994709 11494 23686 11906 22694 672.0 11667.784861 23281.4387937 5.25591371449 11912.6887517 22632.5808932 -25.6511274508
11923.3032638 22655.9328197 129.0 12192.3217193 22040.1330354 130.0 12057.8124915 22348.0329275 129.499999542 11906 22694 12191 22043 672.0 11912.6887517 22632.5808932 -25.6511274508 12203.5336039 22064.4529321 26.7799128241
11919.1258683 21416.1029258 131.0 11026.9750653 20977.3660135 132.0 11473.0504668 21196.7344696 131.50067497 12036 21504 11552 21140 1009.0 11913.9527594 21412.2124058 6.47280476622 11043.1672091 20982.3817617 -16.9512020306
11026.9750653 20977.3660135 132.0 10049.0684133 20774.9993484 133.0 10538.0217393 20876.182681 132.497622134 11552 21140 10364 20772 1009.0 11043.1672091 20982.3817617 -16.9512020306 10013.0800202 20775.342095 -35.9900251577
10049.0684133 20774.9993484 133.0 9210.55953407 20318.9550429 134.0 9629.81397367 20546.9771957 133.509340721 10364 20772 9356 20552 1009.0 10013.0800202 20775.342095 -35.9900251577 9203.48265976 20307.6154899 13.3666604819
8829.95260282 19933.9788618 135.0 8467.01828684 20493.40628 136.0 8648.48544483 20213.6925709 135.499778286 8841 19915 8471 20473 672.0 8848.68571231 19901.7963404 37.2376701221 8461.59988001 20521.175615 -28.2930220876
8239.01650478 20777.5474712 137.0 7960.48042954 20762.36999 138.0 8099.74846716 20769.9587306 137.500507953 8264 20779 8001 20731 298.0 8228.55430621 20776.9392038 10.4798658475 7970.32140082 20754.7511736 12.4455245112
7960.48042954 20762.36999 138.0 7725.54447265 20945.6939591 139.0 7843.0124511 20854.0319746 138.499998497 8001 20731 7758 20920 298.0 7970.32140082 20754.7511736 12.4455245112 7763.57101099 20915.5896163 48.5004028491
7725.54447265 20945.6939591 139.0 7480.14522 21110.9816756 140.0 7602.84484633 21028.3378174 139.499401131 7758 20920 7487 21108 298.0 7763.57101099 20915.5896163 48.5004028491 7475.33941979 21113.0720909 -5.24075871688
7480.14522 21110.9816756 140.0 7205.23729627 21215.361317 141.0 7342.69125814 21163.1714963 140.49934152 7487 21108 7208 21219 298.0 7475.33941979 21113.0720909 -5.24075871688 7198.40732514 21206.3657453 11.2946366125
7205.23729627 21215.361317 141.0 7023.21337838 20979.4172008 142.0 7114.22533732 21097.3892589 141.500001913 7208 21219 7096 21073 298.0 7198.40732514 21206.3657453 11.2946366125 7010.21570342 20962.7059044 21.1708993762
7023.21337838 20979.4172008 142.0 6829.55855757 20906.9935304 143.0 6926.38596797 20943.2053656 142.53819107 7096 21073 6871 20975 298.0 7010.21570342 20962.7059044 21.1708993762 6847.94301387 20937.1628946 -35.3295735607
6829.55855757 20906.9935304 143.0 7162.70962728 21159.4406438 146.0 6996.13409243 21033.2170871 144.298688362 6871 20975 7096 21073 298.0 6847.94301387 20937.1628946 -35.3295735607 7163.92616622 21157.8642835 -1.99120034045
7162.70962728 21159.4406438 146.0 7415.72114322 21139.0047045 147.0 7289.21538525 21149.2226742 146.494501119 7096 21073 7264 21205 298.0 7163.92616622 21157.8642835 -1.99120034045 7411.44171681 21137.14325 -4.6667444073
7415.72114322 21139.0047045 147.0 7670.46934467 20989.3114102 148.0 7543.09524395 21064.1580573 147.498718026 7264 21205 7609 21038 298.0 7411.44171681 21137.14325 -4.6667444073 7658.03595625 20979.4631817 -15.8611711857
7670.46934467 20989.3114102 148.0 7904.92820978 20805.3781602 149.0 7787.69877723 20897.3447852 148.500001242 7609 21038 7846 20851 298.0 7658.03595625 20979.4631817 -15.8611711857 7933.12587835 20827.2086133 35.6605832162
7904.92820978 20805.3781602 149.0 8169.44034471 20770.8082641 150.0 8037.18427724 20788.0932122 149.517801911 7846 20851 8119 20752 298.0 7933.12587835 20827.2086133 35.6605832162 8139.18475204 20782.0900105 32.2905356128
8436.67784245 20648.9010574 151.0 8740.83087133 20064.6990522 152.0 8588.75435689 20356.8000548 151.498672324 8415 20760 8498 20393 672.0 8428.20024221 20605.4533562 -44.2670582836 8746.71886322 20072.6594623 9.90134219139
9084.61766763 20117.1534557 153.0 9819.89691465 20728.7226342 154.0 9452.25729114 20422.9380449 153.498920823 8843 19730 9356 20552 1009.0 9065.80503298 20147.2976773 35.5329328803 9828.52981994 20725.4339083 -9.23811513522
9819.89691465 20728.7226342 154.0 10799.7504323 20906.9799319 155.0 10309.8236735 20817.851283 154.505106452 9356 20552 10364 20772 1009.0 9828.52981994 20725.4339083 -9.23811513522 10754.404938 20921.0263477 47.4712086574
10799.7504323 20906.9799319 155.0 11729.0133672 21273.1257555 156.0 11264.3818998 21090.0528437 155.502228987 10364 20772 11552 21140 1009.0 10754.404938 20921.0263477 47.4712086574 11733.735428 21269.5744536 -5.9084349921
12258.6500588 21896.2590636 157.0 11986.9099624 22510.8371631 158.0 12122.7800106 22203.5481134 157.500012843 12327 21748 12191 22043 672.0 12270.3958521 21870.7810562 28.0551692456 11993.2519973 22496.2992676 15.8610154844
12180.149844 23164.5652488 161.0 12386.2741802 23320.6191167 162.0 12283.2120121 23242.5921828 161.516520725 12165 23159 12376 23310 298.0 12222.7084554 23148.9314732 -45.3392804091 12370.5495981 23336.8716225 22.6142969616
12386.2741802 23320.6191167 162.0 12593.4849322 23534.7865846 163.0 12489.8795562 23427.7028507 162.5 12376 23310 12376 23310 298.0 12370.5495981 23336.8716225 22.6142969616 12620.0400038 23507.3399757 -38.1901579918
12593.4849322 23534.7865846 163.0 12800.6914455 23748.9581511 164.0 12697.0881888 23641.8723678 163.500000001 12376 23310 12793 23741 298.0 12620.0400038 23507.3399757 -38.1901579918 12831.3804118 23717.205026 -44.1596377573
12800.6914455 23748.9581511 164.0 13007.788071 23963.2359795 165.0 12904.2397583 23856.0970653 164.5 12793 23741 12793 23741 298.0 12831.3804118 23717.205026 -44.1596377573 13037.2064582 23932.7974916 -42.3313482814
13007.788071 23963.2359795 165.0 13214.8846964 24177.5138078 166.0 13111.3363837 24070.3748937 165.5 12793 23741 12793 23741 298.0 13037.2064582 23932.7974916 -42.3313482814 13222.8411514 24169.2814579 -11.4488759316
13214.8846964 24177.5138078 166.0 13421.9813219 24391.7916362 167.0 13318.4330092 24284.652722 166.5 12793 23741 12793 23741 298.0 13222.8411514 24169.2814579 -11.4488759316 13399.1802294 24415.3833706 32.8094461356
13421.9813219 24391.7916362 167.0 13629.0779474 24606.0694645 168.0 13525.5296346 24498.9305504 167.5 12793 23741 12793 23741 298.0 13399.1802294 24415.3833706 32.8094461356 13623.3560138 24611.9898097 8.23352960344
13629.0779474 24606.0694645 168.0 13757.2494208 24463.1671652 169.0 13693.1636841 24534.6183149 168.445233323 12793 23741 13687 24666 298.0 13623.3560138 24611.9898097 8.23352960344 13746.381539 24431.7880699 -33.2078074702
13887.501078 24381.8213817 170.0 14080.1652011 24389.7360488 171.0 13983.8331395 24385.7787153 170.500292045 13853 24476 13890 24375 198.0 13881.2439406 24364.7410878 -18.1903328192 14087.1939739 24389.1913837 -7.04984454463
14080.1652011 24389.7360488 171.0 14277.8954456 24398.5320313 172.0 14179.0303233 24394.1340401 171.500047469 13890 24375 14161 24396 198.0 14087.1939739 24389.1913837 -7.04984454463 14282.3440466 24398.4356717 -4.44964448047
14277.8954456 24398.5320313 172.0 14426.8665301 24365.8162227 173.0 14352.3809878 24382.174127 172.484625782 14161 24396 14438 24402 198.0 14282.3440466 24398.4356717 -4.44964448047 14423.1585164 24353.7651784 12.6086095307
14675.9531277 24469.2814087 176.0 14668.2301376 24021.3479812 177.0 14672.0916327 24245.314695 176.5 14677 24530 14677 24530 448.0 14675.697178 24454.4363262 14.8472887636 14669.0440914 24068.5573031 -47.2163381774
14668.2301376 24021.3479812 177.0 14759.7339638 23583.2674211 178.0 14713.9820507 23802.3077012 177.499904513 14677 24530 14744 23652 448.0 14669.0440914 24068.5573031 -47.2163381774 14766.4844003 23612.75617 30.2515239831
14759.7339638 23583.2674211 178.0 14727.7610446 23137.075909 179.0 14743.7475042 23360.171665 178.500313069 14744 23652 14741 23288 448.0 14766.4844003 23612.75617 30.2515239831 14730.4925659 23168.2152511 -31.2589161358
14727.7610446 23137.075909 179.0 14687.4517695 22690.8941698 180.0 14707.6064071 22913.9850394 179.499999827 14741 23288 14711 22946 448.0 14730.4925659 23168.2152511 -31.2589161358 14687.846638 22695.1719113 -4.29592755203
14687.4517695 22690.8941698 180.0 14646.7267184 22244.7497078 181.0 14667.0892439 22467.8219388 180.499999666 14711 22946 14657 22361 448.0 14687.846638 22695.1719113 -4.29592755203 14647.2229794 22250.3652931 -5.63747053866
14646.7267184 22244.7497078 181.0 14611.2334872 21798.1888165 182.0 14628.9801028 22021.4692622 181.499993048 14657 22361 14616 21882 448.0 14647.2229794 22250.3652931 -5.63747053866 14610.1560793 21779.2443944 18.9750346177
14611.2334872 21798.1888165 182.0 14637.6598748 21352.1661863 183.0 14624.446681 21575.1775014 182.499855095 14616 21882 14604 21671 448.0 14610.1560793 21779.2443944 18.9750346177 14636.2242601 21338.5677253 -13.6740313314
14419.8486645 20998.0553325 184.0 13797.7211185 20744.0699086 185.0 14108.7848915 20871.0626205 184.500007225 14614 21078 14003 20825 672.0 14408.6800111 20993.4564752 12.0784232608 13773.416876 20734.4880921 26.1248427837
13797.7211185 20744.0699086 185.0 13185.5270599 20474.1579119 186.0 13491.6240892 20609.1139103 185.500294629 14003 20825 13188 20476 672.0 13773.416876 20734.4880921 26.1248427837 13223.1347615 20502.1718121 -46.8947526136
13185.5270599 20474.1579119 186.0 12828.238085 20006.0084963 187.0 13006.8825724 20240.0832041 186.507804542 13188 20476 12780 20082 672.0 13223.1347615 20502.1718121 -46.8947526136 12848.9770284 20038.6794345 38.6974673836
12828.238085 20006.0084963 187.0 13242.7559556 19487.4960296 188.0 13035.4970203 19746.7522629 187.498657217 12780 20082 13131 19562 672.0 12848.9770284 20038.6794345 38.6974673836 13273.3318703 19507.8799728 36.7476761595
13242.7559556 19487.4960296 188.0 13357.9234262 18921.7166823 189.0 13300.3396909 19204.606356 188.491636487 13131 19562 13361 18929 672.0 13273.3318703 19507.8799728 36.7476761595 13339.9660007 18879.2052262 46.1485972574
13357.9234262 18921.7166823 189.0 12900.4869502 18495.2001341 190.0 13129.2051882 18708.4584082 189.506740265 13361 18929 13000 18506 672.0 13339.9660007 18879.2052262 46.1485972574 12907.4953688 18495.9607377 -7.04957089679
12297.6015054 18393.1670725 191.0 12346.8337058 18095.9317303 192.0 12322.2176056 18244.5494014 191.410200361 12292 18433 12218 18111 448.0 12296.2500472 18383.5567032 -9.70492854287 12367.4200285 18098.3394874 20.7266490116
12346.8337058 18095.9317303 192.0 12761.1358889 17963.2745832 193.0 12553.9847973 18029.6031568 192.502636588 12218 18111 12649 18013 448.0 12367.4200285 18098.3394874 20.7266490116 12788.840948 17975.5600845 30.3068282987
12761.1358889 17963.2745832 193.0 13180.0381239 17911.0328452 194.0 12970.5870064 17937.1537142 193.491720478 12649 18013 13180 17911 448.0 12788.840948 17975.5600845 30.3068282987 13193.2125686 17899.6825543 -17.3895110782
13180.0381239 17911.0328452 194.0 13573.2685151 18102.943647 195.0 13376.6533195 18006.9882461 194.507917732 13180 17911 13481 18095 447.99999999999994 13193.2125686 17899.6825543 -17.3895110782 13556.4017224 18104.395755 16.929185188
13573.2685151 18102.943647 195.0 14018.6191495 18120.2623444 196.0 13795.9438323 18111.6029957 195.501425103 13481 18095 13979 18124 448.0 13556.4017224 18104.395755 16.929185188 14066.0293211 18124.7350021 47.620678722
14018.6191495 18120.2623444 196.0 14462.2024094 18058.8083598 197.0 14240.4107794 18089.5353521 196.500001786 13979 18124 14247 18086 448.0 14066.0293211 18124.7350021 47.620678722 14455.7616557 18057.9945462 -6.49196432429
14519.8377208 17937.4292393 198.0 14517.0 17805.481222 199.0 14518.4188604 17871.4552306 198.499987987 14524 18051 14517 17860 132.0 14518.5121849 17901.2610456 36.1924754351 14490.9835725 17805.481222 -26.0164274606
14517.0 17805.481222 199.0 14610.5941275 17716.0187482 200.0 14563.7970637 17760.7499851 199.497366909 14517 17860 14543 17765 132.0 14490.9835725 17805.481222 -26.0164274606 14594.3609945 17704.2556084 -20.0470961219
14610.5941275 17716.0187482 200.0 14519.7741338 17935.6942228 203.0 14565.1841307 17825.8564855 201.524445924 14543 17765 14517 17860 132.0 14594.3609945 17704.2556084 -20.0470961219 14518.4446593 17971.9698856 36.3000167238
14468.0484216 18058.069694 204.0 14024.4855958 18119.7089061 205.0 14246.2670087 18088.8893 204.500059205 14524 18051 14032 18119 448.0 14453.79286 18059.8709383 -14.3689080142 14051.7273319 18117.138931 27.3626928451
14024.4855958 18119.7089061 205.0 13579.1392923 18103.4490781 206.0 13801.812444 18111.5789921 205.500546276 14032 18119 13632 18108 447.99999999999994 14051.7273319 18117.138931 27.3626928451 13603.0121045 18105.5043534 -23.9611209445
13579.1392923 18103.4490781 206.0 13184.5023286 17914.8789292 207.0 13381.8208104 18009.1640037 206.494726109 13632 18108 13245 17967 448.0 13603.0121045 18105.5043534 -23.9611209445 13210.4133136 17937.2022394 -34.2010134952
12738.4196574 17547.2060484 209.0 12350.2779846 17364.6965975 210.0 12544.348821 17455.951323 209.504080901 12767 17556 12617 17445 448.0 12696.6708211 17534.3602526 43.6804281691 12338.4788249 17361.1441623 12.3223360228
12350.2779846 17364.6965975 210.0 11941.1249768 17291.7470449 211.0 12145.7014807 17328.2218212 210.493873903 12617 17445 11977 17340 447.99999999999994 12338.4788249 17361.1441623 12.3223360228 11957.7306321 17314.0821367 -27.8317105476
11941.1249768 17291.7470449 211.0 11728.4145023 16931.1542811 212.0 11834.7697396 17111.450663 211.482279167 11977 17340 11738 16945 448.0 11957.7306321 17314.0821367 -27.8317105476 11749.0502131 16960.9614189 -36.2532484481
11760.351101 16437.3346734 213.0 11543.8788655 15834.827802 214.0 11652.1149832 16136.0812377 213.498896152 11745 16487 11657 16054 672.0 11751.1699239 16407.6308654 -31.0903557843 11524.1764271 15796.6543276 42.9581217641
11543.8788655 15834.827802 214.0 11249.5901743 15231.6855121 215.0 11396.7345199 15533.256657 214.499959793 11657 16054 11258 15262 672.0 11524.1764271 15796.6543276 42.9581217641 11253.8924129 15247.1935813 -16.0937710931
11249.5901743 15231.6855121 215.0 11090.2440382 14579.1051845 216.0 11169.9171063 14905.3953483 215.500074887 11258 15262 11177 14972 672.0 11253.8924129 15247.1935813 -16.0937710931 11088.1617776 14569.6751765 9.65716620348
11090.2440382 14579.1051845 216.0 11000.1222308 13913.2066243 217.0 11045.1831345 14246.1559044 216.500004103 11177 14972 11003 13943 672.0 11088.1617776 14569.6751765 9.65716620348 10999.0566771 13902.1750098 11.082956467
11000.1222308 13913.2066243 217.0 10648.6977179 13381.3598356 218.0 10824.4099743 13647.28323 217.497817388 11003 13943 10701 13426 672.0 10999.0566771 13902.1750098 11.082956467 10684.7832804 13412.1589782 -47.442122686
10648.6977179 13381.3598356 218.0 10216.8245497 12872.7075828 219.0 10432.7611338 13127.0337092 218.499725664 10701 13426 10277 12973 672.0 10684.7832804 13412.1589782 -47.442122686 10234.5564248 12902.260708 -34.4645702267
10216.8245497 12872.7075828 219.0 9871.08340205 12296.4723368 220.0 10043.9539759 12584.5899598 219.5 10277 12973 9935 12403 672.0 10234.5564248 12902.260708 -34.4645702267 9894.96487686 12336.2747948 -46.4172436017
9871.08340205 12296.4723368 220.0 9525.60047016 11720.0823646 221.0 9698.3419361 12008.2773507 220.499999974 9935 12403 9659 11943 672.0 9894.96487686 12336.2747948 -46.4172436017 9543.22940998 11749.5412509 -34.3308243367
9525.60047016 11720.0823646 221.0 9178.72101835 11144.5318528 222.0 9352.16074425 11432.3071087 221.499999964 9659 11943 9463 11616 672.0 9543.22940998 11749.5412509 -34.3308243367 9186.31847688 11157.1320095 -14.7134402306
9178.72101835 11144.5318528 222.0 8825.2491847 10573.0693583 223.0 9001.98510152 10858.8006056 222.50001467 9463 11616 8892 10679 672.0 9186.31847688 11157.1320095 -14.7134402306 8828.82471555 10578.7435703 -6.70679525847
8825.2491847 10573.0693583 223.0 8454.0092161 10016.0736573 224.0 8639.6292004 10294.5715078 223.50007134 8892 10679 8623 10218 672.0 8828.82471555 10578.7435703 -6.70679525847 8424.88254555 9981.27032705 45.3831988019
8454.0092161 10016.0736573 224.0 8005.49701991 9516.49701991 225.0 8229.75311801 9766.2853386 224.499930332 8623 10218 8102 9613 672.0000000000001 8424.88254555 9981.27032705 45.3831988019 8030.84322991 9541.84322991 -35.8449539352
7721.69303075 9110.8096185 226.0 7902.22789292 8873.720689 227.0 7811.96046184 8992.26515375 226.500000002 7669 9180 7883 8899 298.0 7715.61376238 9102.8270278 -10.0339054353 7882.48462031 8847.7637976 -32.6122220134
7902.22789292 8873.720689 227.0 8082.5824763 8636.49521074 228.0 7992.40518461 8755.10794987 227.49999993 7883 8899 8080 8640 298.0 7882.48462031 8847.7637976 -32.6122220134 8062.38658395 8609.0864997 -34.0457267252
8082.5824763 8636.49521074 228.0 8263.34443712 8399.58315136 229.0 8172.96345671 8518.03918105 228.499999582 8080 8640 8189 8497 298.0 8062.38658395 8609.0864997 -34.0457267252 8234.45019728 8361.72173363 -47.6273455927
8263.34443712 8399.58315136 229.0 8444.23557217 8162.77302011 230.0 8353.79000464 8281.17808573 229.499997554 8189 8497 8425 8188 298.0 8234.45019728 8361.72173363 -47.6273455927 8466.60164281 8192.10557178 36.8868500059
8444.23557217 8162.77302011 230.0 8625.41640886 7926.17849874 231.0 8534.82599051 8044.47575942 230.500000249 8425 8188 8550 8025 298.0 8466.60164281 8192.10557178 36.8868500059 8613.56371537 7910.64738312 -19.5371926119
8625.41640886 7926.17849874 231.0 8416.32087719 7740.44358016 232.0 8520.86864302 7833.31103945 231.495647473 8550 8025 8637 7911 298.0 8613.56371537 7910.64738312 -19.5371926119 8404.74706492 7731.49852021 14.6276186648
8416.32087719 7740.44358016 232.0 8292.05959628 7545.88806771 233.0 8354.19023673 7643.16582394 232.515269731 8637 7911 8369 7600 298.0 8404.74706492 7731.49852021 14.6276186648 8319.81972483 7565.4116746 -33.9381196182
8292.05959628 7545.88806771 233.0 8132.3540044 7362.41323258 234.0 8212.20680034 7454.15065014 233.537026071 8369 7600 8096 7408 298.0 8319.81972483 7565.4116746 -33.9381196182 8137.7999816 7369.24231509 8.73470295149
8132.3540044 7362.41323258 234.0 8648.07137609 7230.06397882 237.0 8390.21269025 7296.2386057 235.329830045 8096 7408 8639 7242 298.0 8137.7999816 7369.24231509 8.73470295149 8655.16231689 7239.39416409 11.7189503991
8648.07137609 7230.06397882 237.0 8828.14511765 6992.6247987 238.0 8738.10824687 7111.34438876 237.499999987 8639 7242 8734 7117 298.0 8655.16231689 7239.39416409 11.7189503991 8841.0692017 7009.698818 21.4138759638
9191.4662346 7190.25626476 239.0 9527.62354845 7486.39711598 240.0 9359.54489153 7338.32669037 239.500000316 9182 7182 9403 7376 447.99999999999994 9215.49176895 7169.30166338 -31.8797995596 9498.48889298 7512.20589755 38.9219906426
9527.62354845 7486.39711598 240.0 9862.62843796 7783.76374419 241.0 9695.12599321 7635.08043009 240.500020656 9403 7376 9690 7634 448.0 9498.48889298 7512.20589755 38.9219906426 9881.43540107 7767.44776958 -24.8980499056
9862.62843796 7783.76374419 241.0 10190.9142635 8059.85928954 242.0 10026.7713508 7921.81151687 241.501681583 9690 7634 10113 7978 448.0 9881.43540107 7767.44776958 -24.8980499056 10157.9314729 8094.51209494 47.8401651676
10190.9142635 8059.85928954 242.0 10499.9508506 8384.20538193 243.0 10345.4325571 8222.03233574 242.5 10113 7978 10192 8061 448.00000000000006 10157.9314729 8094.51209494 47.8401651676 10506.7402046 8377.07971317 -9.84228038938
10499.9508506 8384.20538193 243.0 10683.853054 8748.82661998 244.0 10591.9019523 8566.51600096 243.478698864 10192 8061 10705 8600 448.0 10506.7402046 8377.07971317 -9.84228038938 10678.7128242 8785.00219949 -36.538945187
10683.853054 8748.82661998 244.0 10784.3886618 9070.99564719 245.0 10734.1208579 8909.91113358 244.437154169 10705 8600 10642 9050 448.0 10678.7128242 8785.00219949 -36.538945187 10810.494731 9067.1462268 -26.388347551
10784.3886618 9070.99564719 245.0 11227.5749963 9136.49259204 246.0 11005.9818291 9103.74411962 245.500000005 10642 9050 11015 9105 448.0 10810.494731 9067.1462268 -26.388347551 11179.4318315 9143.62491275 48.6686173404
11227.5749963 9136.49259204 246.0 11651.2983181 9270.6061236 247.0 11439.4366572 9203.54935782 246.499079214 11015 9105 11392 9160 448.0 11179.4318315 9143.62491275 48.6686173404 11688.6837711 9254.65900881 -40.6445884511
11651.2983181 9270.6061236 247.0 12064.2412935 9444.31284782 248.0 11857.7698058 9357.45948571 247.500001285 11392 9160 11931 9389 448.0 11688.6837711 9254.65900881 -40.6445884511 12076.0785857 9439.39879811 -12.8167612841
12064.2412935 9444.31284782 248.0 12477.0444898 9618.2736032 249.0 12270.6428917 9531.29322551 248.500001386 11931 9389 12420 9592 448.00000000000006 12076.0785857 9439.39879811 -12.8167612841 12493.5264806 9610.68231283 -18.1461761882
12477.0444898 9618.2736032 249.0 12881.3461575 9811.18199902 250.0 12679.1953237 9714.72780111 249.499998349 12420 9592 12661 9703 448.0 12493.5264806 9610.68231283 -18.1461761882 12886.6384015 9808.58369852 -5.89567738405
12881.3461575 9811.18199902 250.0 13275.3540599 10024.122803 251.0 13078.3501087 9917.65240102 250.500051676 12661 9703 13245 10007 448.0 12886.6384015 9808.58369852 -5.89567738405 13239.9740128 10044.0807783 40.6210353485
13275.3540599 10024.122803 251.0 13665.2326309 10244.7955772 252.0 13470.2933454 10134.4591901 251.499998383 13245 10007 13584 10199 448.0 13239.9740128 10044.0807783 40.6210353485 13659.9816134 10247.7558823 6.02798402371
13696.1023692 10941.3169308 254.0 13495.9987314 11013.7255325 255.0 13596.0505503 10977.5212316 254.405517002 13858 10979 13529 10894 298.0 13657.1662559 10932.2542147 39.9769151187 13484.7087889 11054.6843938 -42.4863639228
13495.9987314 11013.7255325 255.0 13880.8566983 11144.5229983 258.0 13688.4277149 11079.1242654 256.259444534 13529 10894 13858 11129 298.0 13484.7087889 11054.6843938 -42.4863639228 13876.1750362 11147.7025228 5.65926991864
14511.402221 10537.3021036 260.0 14693.4414426 10127.9544223 261.0 14602.4218318 10332.628263 260.500000121 14480 10608 14663 10196 448.0 14508.3136326 10530.3485605 -7.60862274789 14674.6048327 10085.8490588 -46.1267765071
14693.4414426 10127.9544223 261.0 14881.9270543 9730.82611458 262.0 14787.6842485 9929.39026846 261.502566754 14663 10196 14861 9780 448.0 14674.6048327 10085.8490588 -46.1267765071 14889.7614151 9749.23510598 20.0067032315
14881.9270543 9730.82611458 262.0 15057.3579395 9318.60286861 263.0 14969.6424969 9524.7144916 262.5 14861 9780 14861 9780 448.0 14889.7614151 9749.23510598 20.0067032315 15051.9361078 9305.86277976 -13.845798028
15057.3579395 9318.60286861 263.0 15257.9438614 8918.19226892 264.0 15157.6509005 9118.39756876 263.500028378 14861 9780 15223 8986 448.0 15051.9361078 9305.86277976 -13.845798028 15266.6805368 8935.14557957 19.0720801077
15257.9438614 8918.19226892 264.0 15393.0786163 8493.13777529 265.0 15325.5112389 8705.6650221 264.500259677 15223 8986 15380 8543 447.99999999999994 15266.6805368 8935.14557957 19.0720801077 15402.9532039 8530.7846404 38.9203537024
15651.324169 8454.27404462 266.0 15919.0861733 8340.04887486 267.0 15785.2051711 8397.16145974 266.496344558 15647 8455 15915 8343 298.0 15684.3529777 8459.8190271 33.4910291925 15894.8169103 8322.52107383 -29.9369493151
15919.0861733 8340.04887486 267.0 15611.8299441 8451.4474691 270.0 15765.4580587 8395.74817198 268.675552318 15915 8343 15647 8455 298.0 15894.8169103 8322.52107383 -29.9369493151 15645.9166098 8454.89056665 -34.2601181845
15377.9010905 8550.91127424 271.0 15230.5805313 8971.29015946 272.0 15304.2408109 8761.10071685 271.501610381 15380 8543 15307 8823 448.0 15367.8617936 8588.75170094 -39.149525856 15251.3504274 8930.98667071 45.3404872832
15230.5805313 8971.29015946 272.0 15033.9669362 9373.56648183 273.0 15132.2737337 9172.42832065 272.499963406 15307 8823 15084 9256 448.0 15251.3504274 8930.98667071 45.3404872832 15022.4279004 9400.6806287 -29.4673770066
15033.9669362 9373.56648183 273.0 14854.8092772 9778.87441403 274.0 14944.3881067 9576.22044793 273.502704555 15084 9256 14861 9780 448.0 15022.4279004 9400.6806287 -29.4673770066 14897.8079182 9786.69234876 -43.7035837197
14854.8092772 9778.87441403 274.0 14669.0481486 10182.4806089 275.0 14761.9287129 9980.67751148 274.498072161 14861 9780 14850 9778 448.0 14897.8079182 9786.69234876 -43.7035837197 14661.0389815 10200.383453 -19.6127148891
14390.1276669 10103.4249814 276.0 14107.9259168 10007.6848527 277.0 14249.0267918 10055.5549171 276.5 14663 10196 14663 10196 298.0 14436.8735561 10119.2840519 -49.3628228275 14064.2746599 9992.87567122 46.0949463563
13572.3497833 10192.2922995 279.0 13182.3021443 9971.91905692 280.0 13377.3259638 10082.1056782 279.499999186 13584 10199 13245 10007 448.0 13599.406603 10207.8704684 -31.2209999981 13189.3736308 9975.87572199 -8.10315493305
13182.3021443 9971.91905692 280.0 12785.571177 9764.15994533 281.0 12983.9366606 9868.03950112 280.49994278 13245 10007 12993 9866 448.0 13189.3736308 9975.87572199 -8.10315493305 12813.492681 9777.86839458 -31.1051758707
12693.9250053 9499.96246737 282.0 12741.6262105 9205.805035 283.0 12717.7756079 9352.88375118 282.5 12661 9703 12661 9703 298.0 12693.5658049 9497.7473984 -2.24400433146 12734.7936444 9163.67087737 -42.684554565
12741.6262105 9205.805035 283.0 12680.1658439 9584.81062932 286.0 12710.8960272 9395.30783216 284.331648655 12661 9703 12757 9111 298.0 12734.7936444 9163.67087737 -42.684554565 12686.5132196 9545.66847928 39.6534624895
12901.5681813 9821.11028176 287.0 13294.9752745 10035.1911805 288.0 13098.2717279 9928.15073112 287.499976284 12661 9703 13245 10007 448.0 12927.4434315 9808.40646916 -28.8256036777 13271.9224923 10048.1953141 26.4676832923
13294.9752745 10035.1911805 288.0 13684.8567352 10255.8588306 289.0 13489.9160048 10145.5250055 288.499999397 13245 10007 13584 10199 448.0 13271.9224923 10048.1953141 26.4676832923 13698.267967 10248.2981361 -15.3956240666
13862.2472646 10715.6695973 290.0 13860.1433133 11387.6264664 291.0 13861.1952889 11051.6480318 290.499994241 13868 10359 13858 11129 672.0 13862.7309577 10685.6806247 29.9928730551 13859.7635968 11433.4455843 45.8206913257
13860.1433133 11387.6264664 291.0 13611.4159338 12001.5476806 292.0 13735.7796235 11694.5870735 291.498137299 13858 11129 13752 11736 672.0 13859.7635968 11433.4455843 45.8206913257 13619.3532259 11986.5550177 16.9640958415
13611.4159338 12001.5476806 292.0 13345.3196087 12617.8809933 293.0 13478.3677712 12309.714337 292.499951929 13752 11736 13428 12408 672.0 13619.3532259 11986.5550177 16.9640958415 13350.7204741 12604.1711041 14.7353456172
13345.3196087 12617.8809933 293.0 13085.5034935 13237.3603712 294.0 13215.4115511 12927.6206823 293.499971367 13428 12408 13099 13212 672.0 13350.7204741 12604.1711041 14.7353456172 13075.1322462 13256.8482792 -22.0758087035
13085.5034935 13237.3603712 294.0 12773.1336966 13831.6270568 295.0 12929.318595 13534.493714 294.500376441 13099 13212 12792 13779 672.0 13075.1322462 13256.8482792 -22.0758087035 12764.8860531 13854.6336413 -24.4402650712
