15480.836816 29079.9630898 1.0 15505.5742278 29376.9341034 2.0 15493.2055219 29228.4485966 1.50000025517 15476 29021 15497 29277 298.0 15476.9273111 29127.6218159 47.8188080351 15507.2379308 29357.5433576 -19.461986766
15505.5742278 29376.9341034 2.0 15549.4132957 29669.2202637 3.0 15527.4937617 29523.0771835 2.501434924 15497 29277 15526 29615 298.0 15507.2379308 29357.5433576 -19.461986766 15548.9933492 29670.1927713 1.05930453653
15021.821521 29932.9986007 4.0 14384.1646323 30111.1657998 5.0 14702.9930767 30022.0822003 4.50058639035 15375 29785 14395 30113 672.0 15067.6171666 29913.8080445 49.6539887371 14355.8429861 30106.37154 28.7245639289
14384.1646323 30111.1657998 5.0 13790.2877436 30276.7040527 6.0 14087.226188 30193.9349263 5.50810995908 14395 30113 13795 30273 672.0 14355.8429861 30106.37154 28.7245639289 13800.8056367 30268.4364995 13.3782850108
13790.2877436 30276.7040527 6.0 13262.6659819 30692.8748257 7.0 13526.4768628 30484.7894392 6.49999979892 13795 30273 13402 30583 672.0 13800.8056367 30268.4364995 13.3782850108 13261.8576167 30693.5122794 -1.0294665827
13262.6659819 30692.8748257 7.0 12720.9338655 30652.4007949 8.0 12991.7999237 30672.6378103 7.46508453405 13402 30583 12880 30851 672.0 13261.8576167 30693.5122794 -1.0294665827 12730.6223605 30664.4971937 -15.4980579202
12720.9338655 30652.4007949 8.0 12301.1541163 30127.6455012 9.0 12511.0439909 30390.023148 8.50000014834 12880 30851 12369 30213 672.0 12730.6223605 30664.4971937 -15.4980579202 12284.4895566 30106.6804099 26.7813854039
12301.1541163 30127.6455012 9.0 11896.7349939 29590.9799919 10.0 12098.9445551 29859.3127465 9.50000112534 12369 30213 11965 29682 672.0 12284.4895566 30106.6804099 26.7813854039 11912.5885196 29612.1180261 -26.4225427487
11896.7349939 29590.9799919 10.0 11493.5349939 29053.3799919 11.0 11695.1349939 29322.1799919 10.5 11965 29682 11965 29682 672.0 11912.5885196 29612.1180261 -26.4225427487 11498.6634429 29060.2179239 -8.54741498847
11493.5349939 29053.3799919 11.0 11088.4113379 28517.2305258 12.0 11290.9731659 28785.3052589 11.5000002364 11965 29682 11147 28595 672.0 11498.6634429 29060.2179239 -8.54741498847 11116.9279805 28555.0829741 -47.3920536697
11088.4113379 28517.2305258 12.0 10711.0999957 27963.8636112 13.0 10899.7556668 28240.5470685 12.4999711696 11147 28595 10714 27981 672.0 11116.9279805 28555.0829741 -47.3920536697 10718.154842 28005.5513389 -42.2804622812
10711.0999957 27963.8636112 13.0 10623.550166 27297.6935849 14.0 10667.3250809 27630.7785981 13.5000153671 10714 27981 10644 27455 672.0 10718.154842 28005.5513389 -42.2804622812 10620.9132831 27277.40987 20.4543942049
10623.550166 27297.6935849 14.0 10536.0543016 26631.41405 15.0 10579.8022338 26964.5538175 14.5000000005 10644 27455 10544 26692 672.0 10620.9132831 27277.40987 20.4543942049 10539.2664312 26655.9065376 -24.7022210316
10536.0543016 26631.41405 15.0 10515.9710134 25975.0040185 16.0 10526.0126575 26303.2090343 15.5036433554 10544 26692 10465 26088 672.0 10539.2664312 26655.9065376 -24.7022210316 10513.866811 25970.3392807 -5.1173671332
10515.9710134 25975.0040185 16.0 10778.0054157 25356.2744114 17.0 10646.9882145 25665.639215 16.5000203546 10465 26088 10713 25506 672.0 10513.866811 25970.3392807 -5.1173671332 10763.9496233 25323.9000044 -35.294015516
10778.0054157 25356.2744114 17.0 11041.6808469 24738.1710653 18.0 10909.8431313 25047.2227384 17.5000008671 10713 25506 10893 25090 672.0 10763.9496233 25323.9000044 -35.294015516 11033.9062495 24719.7737506 -19.972620036
11041.6808469 24738.1710653 18.0 11306.498036 24120.5670307 19.0 11174.0894414 24429.369048 18.4999972719 10893 25090 11279 24184 672.0 11033.9062495 24719.7737506 -19.972620036 11323.3273333 24159.3891597 42.3129170199
11306.498036 24120.5670307 19.0 11570.8691346 23502.765435 20.0 11438.6835853 23811.6662328 19.5000048188 11279 24184 11494 23686 672.0 11323.3273333 24159.3891597 42.3129170199 11567.1121306 23493.809786 -9.71178297817
11570.8691346 23502.765435 20.0 11828.4373566 22882.0894102 21.0 11699.6532456 23192.4274226 20.4999998585 11494 23686 11666 23276 672.0 11567.1121306 23493.809786 -9.71178297817 11815.7981528 22851.4393409 -33.1538266745
11828.4373566 22882.0894102 21.0 12094.191233 22264.9154813 22.0 11961.3142948 22573.5024458 21.4999944329 11666 23276 11931 22639 672.0 11815.7981528 22851.4393409 -33.1538266745 12095.2043067 22267.2377581 2.53363128977
12206.137126 21646.6579339 23.0 11378.7533815 21086.3343808 24.0 11792.4452538 21366.4961573 23.5008434468 12327 21748 11552 21140 1009.0 12188.3130702 21631.7126774 23.2606460547 11416.473856 21098.0188376 -39.4887418211
11378.7533815 21086.3343808 24.0 10414.9354154 20787.7779738 25.0 10896.8443984 20937.0561773 24.5 11552 21140 11552 21140 1009.0 11416.473856 21098.0188376 -39.4887418211 10439.1236016 20795.2706106 -25.3220844207
10414.9354154 20787.7779738 25.0 9443.43437653 20585.3083339 26.0 9929.18489594 20686.5431538 25.5006557055 11552 21140 9944 20776 1009.0 10439.1236016 20795.2706106 -25.3220844207 9416.49207269 20575.0445991 28.8310941218
9443.43437653 20585.3083339 26.0 8871.32951817 19775.393497 27.0 9157.38194735 20180.3509154 26.4994123192 9944 20776 9356 20552 1009.0 9416.49207269 20575.0445991 28.8310941218 8875.74967444 19782.4760865 -8.34870387444
8581.27991927 20280.4077407 28.0 8415.14961561 20914.7327024 29.0 8498.21476744 20597.5702215 28.504425269 8802 19982 8412 20773 672.0 8581.04944989 20280.7193293 -0.387561040901 8415.57734223 20895.4850046 -19.2524497426
8412.5383876 20797.2274418 33.0 8651.1735578 20185.9133807 34.0 8531.8559727 20491.5704113 33.495568183 8418 21043 8498 20393 672.0 8412.50195581 20795.5880115 1.6398350884 8624.92719025 20150.4289825 -44.1363152834
8778.20093003 19509.3328969 35.0 8568.71066362 18528.6227512 36.0 8673.45579682 19018.977824 35.5004136132 8843 19730 8584 18848 1009.0 8767.94878219 19474.4201772 36.3868730283 8568.36254176 18521.3508724 7.28020677978
8568.71066362 18528.6227512 36.0 8620.28470631 17524.6728021 37.0 8594.49768497 18026.6477766 36.4994999543 8584 18848 8548 18096 1008.9999999999999 8568.36254176 18521.3508724 7.28020677978 8615.12137624 17483.8626356 -41.1355037127
8620.28470631 17524.6728021 37.0 8738.36569932 16522.618416 38.0 8679.32520281 17023.645609 37.5000011789 8548 18096 8652 17274 1009.0 8615.12137624 17483.8626356 -41.1355037127 8740.39934583 16540.3111406 17.8092174105
8738.36569932 16522.618416 38.0 8907.50466175 15528.096191 39.0 8822.93518053 16025.3573035 38.4999761471 8652 17274 8752 16404 1009.0 8740.39934583 16540.3111406 17.8092174105 8903.99770717 15508.3427325 -20.0623490874
8907.50466175 15528.096191 39.0 9296.31026521 14608.9867739 40.0 9101.90746348 15068.5414824 39.4972144247 8752 16404 9160 14804 1009.0 8903.99770717 15508.3427325 -20.0623490874 9285.88134396 14594.0665653 -18.2037089811
9296.31026521 14608.9867739 40.0 9926.99789148 13829.2937022 41.0 9611.65407835 14219.140238 40.5015632821 9160 14804 9708 14020 1008.9999999999999 9285.88134396 14594.0665653 -18.2037089811 9957.35188645 13855.7263676 40.2498548473
9926.99789148 13829.2937022 41.0 10726.2951237 13235.514187 42.0 10326.6465076 13532.4039446 41.5037003252 9708 14020 10544 13292 1009.0 9957.35188645 13855.7263676 40.2498548473 10694.2221969 13225.576097 -33.5773474791
10726.2951237 13235.514187 42.0 11683.1207256 12916.8564933 43.0 11204.7079246 13076.1853402 42.5000008598 10544 13292 11396 13028 1008.9999999999999 10694.2221969 13225.576097 -33.5773474791 11692.9990746 12920.6803704 10.5926302189
11683.1207256 12916.8564933 43.0 12440.7006317 12324.6841867 44.0 12061.9106786 12620.77034 43.5024091302 11396 13028 12284 12624 1009.0 11692.9990746 12920.6803704 10.5926302189 12451.5551027 12345.417446 23.4027260038
12440.7006317 12324.6841867 44.0 12908.6871943 11430.7772692 45.0 12674.693913 11877.730728 44.5 12284 12624 12284 12624 1009.0 12451.5551027 12345.417446 23.4027260038 12931.5027353 11474.357516 49.1913286719
12908.6871943 11430.7772692 45.0 13188.0996128 10466.0477624 46.0 13048.3934036 10948.4125158 45.5008172288 12284 12624 12996 11264 1008.9999999999999 12931.5027353 11474.357516 49.1913286719 13198.674222 10509.9730622 45.1802426477
13188.0996128 10466.0477624 46.0 13381.8520872 9476.79774562 47.0 13284.97585 9971.42275402 46.4998907083 12996 11264 13308 9968 1009.0 13198.674222 10509.9730622 45.1802426477 13384.4323605 9493.95956332 17.3547053283
13381.8520872 9476.79774562 47.0 13458.2383846 8475.81415381 48.0 13420.0452359 8976.30594972 47.5002186058 13308 9968 13480 8824 1009.0 13384.4323605 9493.95956332 17.3547053283 13456.5214751 8448.34360206 27.5241528745
13776.5210409 7933.26991758 50.0 13507.3223235 7327.52447124 51.0 13641.9216822 7630.39719441 50.4991167028 13982 8255 13577 7613 672.0 13803.0986984 7974.88406625 -49.3772138824 13513.1504892 7351.40297525 -24.5794725104
13507.3223235 7327.52447124 51.0 13411.9491518 6663.16760192 52.0 13459.6357377 6995.34603658 51.4999638525 13577 7613 13425 6777 672.0 13513.1504892 7351.40297525 -24.5794725104 13411.2727759 6657.26810053 5.93814795777
13411.9491518 6663.16760192 52.0 13392.782202 5992.49406501 53.0 13402.3656769 6327.83083347 52.5005001377 13425 6777 13389 6463 672.0 13411.2727759 6657.26810053 5.93814795777 13392.4727956 5954.00390425 -38.4914043328
13392.782202 5992.49406501 53.0 13496.1012743 5330.66273002 54.0 13444.4417382 5661.57839752 53.5001522187 13389 6463 13461 5489 672.0 13392.4727956 5954.00390425 -38.4914043328 13488.7674313 5297.58072073 -33.8851677355
13331.8012165 4915.52743628 55.0 13000.7517359 4613.93255087 56.0 13166.2764762 4764.72999357 55.4999520196 13379 4959 13192 4781 448.0 13314.5337618 4899.62320162 23.475725221 12989.7914121 4604.35801519 14.553364889
13000.7517359 4613.93255087 56.0 12613.5133126 4400.19784277 57.0 12807.1325242 4507.06519682 56.4969001946 13192 4781 12647 4411 448.0 12989.7914121 4604.35801519 14.553364889 12628.1288655 4404.91253727 -15.357172013
12613.5133126 4400.19784277 57.0 13309.7641906 4895.23017553 60.0 12961.6387516 4647.71400915 58.6843624967 12647 4411 13265 4854 448.00000000000006 12628.1288655 4404.91253727 -15.357172013 13309.0146873 4895.92050754 1.0189766966
13505.8277813 5286.78772573 61.0 13393.1434459 5947.55532401 62.0 13449.4856136 5617.17152487 61.4996858107 13553 5074 13394 5841 672.0 13509.8280585 5268.74299683 18.4828152332 13393.1200829 5950.46169329 -2.90646318637
13393.1434459 5947.55532401 62.0 13406.8303056 6618.51988805 63.0 13399.9868758 6283.03760603 62.4998352374 13394 5841 13389 6463 672.0 13393.1200829 5950.46169329 -2.90646318637 13402.9881106 6652.03236675 33.7320128526
13406.8303056 6618.51988805 63.0 13496.6663223 7283.86590303 64.0 13451.748314 6951.19289554 63.4998816272 13389 6463 13474 7191 672.0 13402.9881106 6652.03236675 33.7320128526 13496.3822744 7285.02967194 1.19793207396
13496.6663223 7283.86590303 64.0 13752.3316433 7895.39520326 65.0 13624.4989828 7589.63055314 64.5012208451 13474 7191 13579 7624 672.0 13496.3822744 7285.02967194 1.19793207396 13770.3489553 7867.18447394 -33.4734041074
13454.0292747 8408.46839562 67.0 13391.8844976 9410.07055106 68.0 13422.9568861 8909.26947334 67.5010558882 13444 8248 13480 8824 1009.0 13455.6349485 8382.77761504 -25.7409089774 13391.2692038 9414.16296992 -4.13841497828
13391.8844976 9410.07055106 68.0 13203.8929022 10400.4448679 69.0 13297.8886999 9905.2577095 68.5003631664 13480 8824 13308 9968 1008.9999999999999 13391.2692038 9414.16296992 -4.13841497828 13198.0137304 10424.8660431 -25.1188865022
13203.8929022 10400.4448679 69.0 12939.9839301 11370.9969875 70.0 13071.9384161 10885.7209277 69.5002860485 13308 9968 12996 11264 1009.0 13198.0137304 10424.8660431 -25.1188865022 12959.2909551 11334.1184004 41.6268110615
12939.9839301 11370.9969875 70.0 12471.9973674 12264.903905 71.0 12705.9906487 11817.9504462 70.5 12996 11264 12996 11264 1009.0 12959.2909551 11334.1184004 41.6268110615 12448.9251537 12308.9744255 -49.7447265769
12471.9973674 12264.903905 71.0 11746.0477767 12892.4976348 72.0 12109.0225721 12578.7007699 71.5003807431 12996 11264 12016 12788 1008.9999999999999 12448.9251537 12308.9744255 -49.7447265769 11713.7152145 12905.0134654 -34.6704571176
11746.0477767 12892.4976348 72.0 10790.7489988 13215.5425638 73.0 11268.3983878 13054.0200993 72.5001407931 12016 12788 11396 13028 1009.0 11713.7152145 12905.0134654 -34.6704571176 10778.2396215 13219.4187088 -13.0961452784
10790.7489988 13215.5425638 73.0 9977.88506921 13784.980466 74.0 10384.317034 13500.2615149 73.5023959782 11396 13028 10544 13292 1008.9999999999999 10778.2396215 13219.4187088 -13.0961452784 9997.78073223 13767.6550561 26.3819490384
9977.88506921 13784.980466 74.0 9334.96799358 14553.6808267 75.0 9656.4265314 14169.3306464 74.5006147973 10544 13292 9708 14020 1009.0 9997.78073223 13767.6550561 26.3819490384 9317.84570387 14578.1769492 -29.8870008917
9334.96799358 14553.6808267 75.0 8919.29985835 15461.6579407 76.0 9127.13392596 15007.6693837 75.4986322694 9708 14020 8948 15300 1009.0 9317.84570387 14578.1769492 -29.8870008917 8918.31619173 15467.1985935 -5.62729356243
8919.29985835 15461.6579407 76.0 8746.07096214 16455.5826294 77.0 8832.68541024 15958.6202851 76.499984502 8948 15300 8752 16404 1009.0 8918.31619173 15467.1985935 -5.62729356243 8740.81988456 16501.2670043 -45.9851706968
8746.07096214 16455.5826294 77.0 8628.75444271 17457.7293086 78.0 8687.41270242 16956.655969 77.499998188 8752 16404 8652 17274 1008.9999999999999 8740.81988456 16501.2670043 -45.9851706968 8634.84401972 17409.5982287 48.5147791619
8628.75444271 17457.7293086 78.0 8565.484069 18461.2227746 79.0 8597.11925585 17959.4760416 78.4997769952 8652 17274 8548 18096 1009.0 8634.84401972 17409.5982287 48.5147791619 8565.54127648 18460.0277739 -1.1963693022
8565.484069 18461.2227746 79.0 8759.18896747 19444.5894568 80.0 8662.33651823 18952.9061157 79.5014252403 8548 18096 8584 18848 1009.0 8565.54127648 18460.0277739 -1.1963693022 8771.334771 19403.2280718 -43.1078265717
8759.18896747 19444.5894568 80.0 9219.71840899 20333.630667 81.0 8989.45368823 19889.1100619 80.5008956223 8584 18848 8843 19730 1009.0 8771.334771 19403.2280718 -43.1078265717 9202.67274997 20360.9435944 32.1955041995
9219.71840899 20333.630667 81.0 10066.3667309 20774.8346026 82.0 9643.04256994 20554.2326348 81.490907845 8843 19730 9944 20776 1009.0 9202.67274997 20360.9435944 32.1955041995 10099.5097336 20775.1502502 33.1445057647
10791.4380361 21148.908559 84.0 11445.6935967 21226.2693308 85.0 11118.5658164 21187.5889449 84.4984576386 10389 21253 10938 21111 672.0 10766.4205062 21142.4377225 -25.8408306262 11452.911571 21224.6305253 -7.40167799089
11390.2145544 21457.3216399 86.0 11221.1232756 21702.7032599 87.0 11305.668915 21580.0124499 86.5 11418 21417 11418 21417 298.0 11376.4193353 21477.3409646 -24.3121663589 11242.6180247 21671.5105433 37.8815232234
11221.1232756 21702.7032599 87.0 11050.6113109 21947.0908729 88.0 11135.8672933 21824.8970664 87.4999989883 11418 21417 11121 21848 298.0 11242.6180247 21671.5105433 37.8815232234 11032.2289368 21972.9689724 -31.7425220985
11050.6113109 21947.0908729 88.0 10860.7649651 22176.5474591 89.0 10955.688138 22061.819166 88.5000507794 11121 21848 10863 22174 298.0 11032.2289368 21972.9689724 -31.7425220985 10830.2166045 22211.3660206 -46.3199153462
10860.7649651 22176.5474591 89.0 11061.8231903 21931.3071593 92.0 10961.2940777 22053.9273092 90.7085876633 10863 22174 11018 21993 298.0 10830.2166045 22211.3660206 -46.3199153462 11038.3210382 21898.2216053 -40.5833098669
11061.8231903 21931.3071593 92.0 11232.1088607 21686.7612156 93.0 11146.9660255 21809.0341874 92.5000061944 11018 21993 11121 21848 298.0 11038.3210382 21898.2216053 -40.5833098669 11214.3373982 21660.9716522 -31.3197455671
11232.1088607 21686.7612156 93.0 11401.2001395 21441.3795956 94.0 11316.6545001 21564.0704056 93.5 11121 21848 11121 21848 298.0 11214.3373982 21660.9716522 -31.3197455671 11409.2696172 21453.0898478 14.2213388412
11654.4123898 21317.4777894 95.0 12033.0 21819.0756838 96.0 11843.7061949 21568.2767366 95.4962339678 11608 21284 12033 21716 672.0 11658.8055938 21314.3089209 -5.41682273548 12032.6254637 21819.0756838 0.374536280163
12033.0 21819.0756838 96.0 11806.3644458 22449.2306557 97.0 11919.6822229 22134.1531698 96.4995898359 12033 21716 11916 22177 672.0 12032.6254637 21819.0756838 0.374536280163 11794.0827777 22479.7266623 -32.8762191738
11806.3644458 22449.2306557 97.0 11774.7291798 23012.3317389 98.0 11790.5468128 22730.7811973 97.4996517326 11916 22177 11906 22694 672.0 11794.0827777 22479.7266623 -32.8762191738 11767.0063072 23031.059705 -20.2578250937
11774.7291798 23012.3317389 98.0 11516.369067 23632.6783868 99.0 11645.5491234 23322.5050629 98.4999987653 11906 22694 11666 23276 672.0 11767.0063072 23031.059705 -20.2578250937 11527.5488014 23606.02902 28.8993981703
11381.5787203 23522.9991108 100.0 11720.7614044 23774.322889 103.0 11551.1700624 23648.6609999 101.550123046 11339 23616 11705 23768 298.0 11368.1647934 23493.7002705 -32.2235237416 11699.2708938 23782.9440822 23.1552805856
11720.7614044 23774.322889 103.0 11997.5141606 23884.8290575 104.0 11859.1377825 23829.5759732 103.500000389 11705 23768 11877 23837 298.0 11699.2708938 23782.9440822 23.1552805856 12034.9359272 23869.9772939 -40.261190973
11997.5141606 23884.8290575 104.0 12274.3776803 23995.0575552 105.0 12135.9459205 23939.9433063 104.500000136 11877 23837 12197 23964 298.0 12034.9359272 23869.9772939 -40.261190973 12270.7731098 23996.5043438 3.88408632006
12274.3776803 23995.0575552 105.0 12550.9323053 24106.0599849 106.0 12412.6549928 24050.5587701 105.5 12197 23964 12197 23964 298.0 12270.7731098 23996.5043438 3.88408632006 12513.511408 24121.0798405 40.3226935945
12550.9323053 24106.0599849 106.0 12739.4770631 23958.5263453 107.0 12645.2046842 24032.2931651 106.503661679 12197 23964 12698 24032 298.0 12513.511408 24121.0798405 40.3226935945 12761.2425792 23997.0824024 44.2753568787
12739.4770631 23958.5263453 107.0 12842.423697 23792.137494 108.0 12790.95038 23875.3319197 107.467623233 12698 24032 12793 23741 298.0 12761.2425792 23997.0824024 44.2753568787 12855.3569724 23778.7557493 -18.6102312849
12842.423697 23792.137494 108.0 13049.5203224 24006.4153224 109.0 12945.9720097 23899.2764082 108.5 12793 23741 12793 23741 298.0 12855.3569724 23778.7557493 -18.6102312849 13022.7486398 24034.1153296 38.5228943937
13049.5203224 24006.4153224 109.0 13256.6169479 24220.6931508 110.0 13153.0686351 24113.5542366 109.5 12793 23741 12793 23741 298.0 13022.7486398 24034.1153296 38.5228943937 13226.991731 24251.3456403 42.6289642324
13256.6169479 24220.6931508 110.0 13463.7135733 24434.9709791 111.0 13360.1652606 24327.8320649 110.5 12793 23741 12793 23741 298.0 13226.991731 24251.3456403 42.6289642324 13471.2552082 24427.1678334 -10.8519740451
13463.7135733 24434.9709791 111.0 13670.8101988 24649.2488075 112.0 13567.2618861 24542.1098933 111.5 12793 23741 12793 23741 298.0 13471.2552082 24427.1678334 -10.8519740451 13663.6276366 24656.6804294 10.3352892866
13670.8101988 24649.2488075 112.0 13961.0144995 24685.4484309 113.0 13815.9123491 24667.3486192 112.504125242 12793 23741 13687 24666 298.0 13663.6276366 24656.6804294 10.3352892866 13919.4658112 24688.3973872 41.6532093169
13961.0144995 24685.4484309 113.0 14258.266724 24706.5461807 114.0 14109.6406117 24695.9973058 113.5 13687 24666 13687 24666 298.0 13919.4658112 24688.3973872 41.6532093169 14306.7032885 24703.108351 -48.5584128536
14258.266724 24706.5461807 114.0 14553.599832 24703.741216 115.0 14405.933278 24705.1436983 114.500516352 13687 24666 14476 24722 298.0 14306.7032885 24703.108351 -48.5584128536 14523.9555709 24696.7660958 -30.4538095232
14675.1251923 24421.2611554 116.0 14677.3449556 23974.6490555 117.0 14676.235074 24197.9551055 116.500127796 14677 24530 14675 23986 448.0 14675.3666561 24435.2660535 -14.0069795196 14683.4707546 24004.3014738 30.2785620996
14677.3449556 23974.6490555 117.0 14760.3937399 23535.7109499 118.0 14718.8693477 23755.1800027 117.499910273 14675 23986 14763 23569 448.00000000000006 14683.4707546 24004.3014738 30.2785620996 14756.7638657 23489.3475576 46.5052699915
14760.3937399 23535.7109499 118.0 14660.1987355 22395.6529684 121.0 14710.2962377 22965.6819591 119.551414826 14763 23569 14711 22946 448.0 14756.7638657 23489.3475576 46.5052699915 14659.6444078 22389.6477515 6.0307469211
14660.1987355 22395.6529684 121.0 14621.3569326 21949.3442957 122.0 14640.7778341 22172.498632 121.499999298 14711 22946 14630 22058 448.0 14659.6444078 22389.6477515 6.0307469211 14622.246379 21960.525907 -11.216931176
14621.3569326 21949.3442957 122.0 14621.7537507 21502.8325277 123.0 14621.5553417 21726.0884117 122.501052562 14630 22058 14604 21671 448.0 14622.246379 21960.525907 -11.216931176 14619.4223418 21480.7489038 -22.2063484677
14630.1095432 21084.2764454 124.0 14009.0933358 20827.5343963 125.0 14319.6014395 20955.9054208 124.500000705 14691 21108 14342 20966 672.0 14669.2829052 21099.5387943 -42.0415459456 14022.615857 20833.1588078 -14.6455653239
14009.0933358 20827.5343963 125.0 13383.9701364 20580.9508163 126.0 13696.5317361 20704.2426063 125.500000146 14342 20966 14003 20825 672.0 14022.615857 20833.1588078 -14.6455653239 13415.1271964 20593.2343192 -33.4909963239
13383.9701364 20580.9508163 126.0 12896.2252162 20154.9951053 127.0 13140.0976763 20367.9729608 126.504156368 14003 20825 12944 20185 672.0 13415.1271964 20593.2343192 -33.4909963239 12879.7611217 20144.6548508 19.4418947683
12896.2252162 20154.9951053 127.0 12603.0 20569.6212244 128.0 12749.6126081 20362.3081649 127.536960242 12944 20185 12603 20538 672.0 12879.7611217 20144.6548508 19.4418947683 12571.4409286 20569.6212244 31.5590713987
12603.0 20569.6212244 128.0 12547.3858761 21233.7232457 129.0 12575.1929381 20901.6722351 128.499585324 12603 20538 12549 21230 672.0 12571.4409286 20569.6212244 31.5590713987 12564.7644085 21193.6367643 43.6914108647
12197.5809376 21639.4836728 130.0 11368.0874343 21083.030451 131.0 11782.8341859 21361.2570619 130.499644828 12327 21748 11552 21140 1009.0 12165.3639718 21612.4701344 42.0435980929 11341.7469606 21074.8711124 27.5752671707
11368.0874343 21083.030451 131.0 10404.2694681 20784.474044 132.0 10886.1784512 20933.7522475 131.5 11552 21140 11552 21140 1009.0 11341.7469606 21074.8711124 27.5752671707 10390.5922853 20780.2373409 14.3183442947
10404.2694681 20784.474044 132.0 9432.9999356 20581.3333088 133.0 9918.63470187 20682.9036764 132.502570837 11552 21140 9944 20776 1009.0 10390.5922853 20780.2373409 14.3183442947 9393.02706847 20566.1055499 42.7751650864
9432.9999356 20581.3333088 133.0 8865.41779425 19765.9209101 134.0 9149.20886493 20173.6271094 133.503695847 9944 20776 9356 20552 1009.0 9393.02706847 20566.1055499 42.7751650864 8880.55340507 19790.1732923 -28.5878428664
8646.01652258 20580.8966219 136.0 8824.94013692 20819.1716589 137.0 8735.47832975 20700.0341404 136.499997519 8498 20393 8691 20638 298.0 8657.69158126 20566.0759516 -18.8668827486 8807.516647 20842.7392216 29.3088384502
8636.7423752 19027.6091696 142.0 8556.65408089 18027.5994761 143.0 8596.69822804 18527.6043228 142.498748187 8843 19730 8548 18096 1008.9999999999999 8636.0716727 19025.3251557 2.38045403477 8555.91842949 18021.7850006 -5.86082828572
8556.65408089 18027.5994761 143.0 8680.47833787 17026.2384605 144.0 8618.56620938 17526.9189683 143.500004407 8548 18096 8652 17274 1009.0 8555.91842949 18021.7850006 -5.86082828572 8675.17644865 16980.1120244 -46.4301426261
8680.47833787 17026.2384605 144.0 8818.89083709 16027.2271217 145.0 8749.68458748 16526.7327911 144.499983169 8652 17274 8752 16404 1009.0 8675.17644865 16980.1120244 -46.4301426261 8811.71638118 15986.8159006 -41.0431431974
8818.89083709 16027.2271217 145.0 9054.27412365 15051.3586541 146.0 8936.58248037 15539.2928879 145.498210007 8752 16404 8948 15300 1008.9999999999999 8811.71638118 15986.8159006 -41.0431431974 9065.71406625 15078.1238028 29.1074813992
9054.27412365 15051.3586541 146.0 9583.9431895 14197.4827362 147.0 9319.10865657 14624.4206951 146.500739661 8948 15300 9160 14804 1009.0 9065.71406625 15078.1238028 29.1074813992 9603.71963894 14225.7760507 34.5198435617
9583.9431895 14197.4827362 147.0 10305.6240643 13499.5809584 148.0 9944.78362689 13848.5318473 147.499748592 9160 14804 9708 14020 1008.9999999999999 9603.71963894 14225.7760507 34.5198435617 10283.3798166 13480.2103695 -29.4962077505
10254.3161268 12935.1935447 149.0 9908.57497918 12358.9582986 150.0 10081.445553 12647.0759217 149.5 10277 12973 9935 12403 672.0 10236.9006151 12906.1676918 33.8496704214 9913.19170583 12366.6528431 -8.97330367361
9908.57497918 12358.9582986 150.0 9563.01961665 11782.6117278 151.0 9735.79729792 12070.7850132 150.499999989 9935 12403 9659 11943 672.0 9913.19170583 12366.6528431 -8.97330367361 9579.88718185 11810.798317 -32.8481135989
9563.01961665 11782.6117278 151.0 9216.34857538 11206.9360253 152.0 9389.68409602 11494.7738766 151.499999962 9659 11943 9463 11616 672.0 9579.88718185 11810.798317 -32.8481135989 9218.00137245 11209.6771396 -3.20085075791
9269.76068402 10917.4835295 153.0 9532.80374318 10777.4476155 154.0 9401.2822136 10847.4655725 153.499996357 9097 11009 9485 10803 298.0 9252.73717958 10908.4656731 -19.2645123921 9556.1865478 10789.9463525 26.5136564469
9532.80374318 10777.4476155 154.0 9795.61456256 10636.968175 155.0 9664.20915287 10707.2078953 154.5 9485 10803 9485 10803 298.0 9556.1865478 10789.9463525 26.5136564469 9788.93327441 10633.3968471 -7.57588243417
9795.61456256 10636.968175 155.0 10058.0014505 10495.6997513 156.0 9926.80800655 10566.3339632 155.500000488 9485 10803 9876 10594 298.0 9788.93327441 10633.3968471 -7.57588243417 10060.7707591 10497.1954741 3.14742067309
10058.0014505 10495.6997513 156.0 10320.5238308 10354.682451 157.0 10189.2626406 10425.1911011 156.500000134 9876 10594 10303 10364 298.0 10060.7707591 10497.1954741 3.14742067309 10336.7179763 10363.2929967 18.3409882032
10320.5238308 10354.682451 157.0 10583.5914338 10214.6845686 158.0 10452.0576323 10284.6835098 157.499999979 10303 10364 10508 10255 298.0 10336.7179763 10363.2929967 18.3409882032 10542.7133062 10192.8829006 -46.3285446429
10651.5471279 9872.11391029 159.0 10619.0411716 9425.29474909 160.0 10635.2941498 9648.70432969 159.5 10673 10167 10673 10167 448.0 10650.1978552 9853.56712859 18.5957965169 10615.6640418 9378.87352411 46.5439054532
10619.0411716 9425.29474909 160.0 10651.1753809 8979.34956704 161.0 10635.1082763 9202.32215807 160.500221869 10673 10167 10642 9050 448.0 10615.6640418 9378.87352411 46.5439054532 10652.9394621 8992.93299263 13.6974973382
10730.3817984 8565.12049644 162.0 11274.5704216 7958.80919494 164.0 11002.47611 8261.96484569 163.234658227 10705 8600 10860 8387 298.0 10755.1022755 8599.09121665 42.0132338944 11254.459212 7938.03724741 -28.9125328821
10643.6316486 7058.50249993 168.0 10850.4264923 6843.93341402 169.0 10747.0290705 6951.21795697 168.5 10594 7110 10594 7110 298.0 10652.3277413 7067.52551335 12.5314324216 10845.5937608 6838.91900085 -6.96416781796
10850.4264923 6843.93341402 169.0 10741.4532171 6664.71928602 170.0 10795.9398547 6754.32635002 169.472656601 10594 7110 10914 6778 298.0 10845.5937608 6838.91900085 -6.96416781796 10747.4243786 6668.63948332 -7.14301867927
10741.4532171 6664.71928602 170.0 10491.925713 6501.80872364 171.0 10616.689465 6583.26400483 170.499999894 10914 6778 10684 6627 298.0 10747.4243786 6668.63948332 -7.14301867927 10502.4431489 6508.66383815 -12.5542444614
10491.925713 6501.80872364 171.0 10649.9163225 6304.09635587 172.0 10570.9210178 6402.95253975 171.499076654 10684 6627 10617 6342 298.0 10502.4431489 6508.66383815 -12.5542444614 10671.9897761 6329.51427211 33.6646375128
10649.9163225 6304.09635587 172.0 10402.3370466 6286.14036071 175.0 10526.1266846 6295.11835829 173.137566564 10617 6342 10396 6537 298.0 10671.9897761 6329.51427211 33.6646375128 10402.2932687 6284.4073581 -1.73355546354
10402.3370466 6286.14036071 175.0 10409.8625205 5988.23539726 176.0 10406.0997835 6137.18787898 175.5 10396 6537 10396 6537 298.0 10402.2932687 6284.4073581 -1.73355546354 10408.7231792 5943.13319947 -45.1165861362
10409.8625205 5988.23539726 176.0 10417.3879943 5690.33043382 177.0 10413.6252574 5839.28291554 176.5 10396 6537 10396 6537 298.0 10408.7231792 5943.13319947 -45.1165861362 10417.6354671 5700.12694475 9.79963618162
10417.3879943 5690.33043382 177.0 10424.9134681 5392.42547038 178.0 10421.1507312 5541.3779521 177.5 10396 6537 10396 6537 298.0 10417.6354671 5700.12694475 9.79963618162 10425.6192119 5420.36319084 27.9466330518
10424.9134681 5392.42547038 178.0 10417.2966948 5693.94463211 181.0 10421.1050815 5543.18505124 179.794298555 10396 6537 10425 5389 298.0 10425.6192119 5420.36319084 27.9466330518 10418.3826526 5650.95568306 43.0026632304
10417.2966948 5693.94463211 181.0 10409.771221 5991.84959555 182.0 10413.5339579 5842.89711383 181.5 10425 5389 10425 5389 298.0 10418.3826526 5650.95568306 43.0026632304 10410.0341463 5981.44138113 10.4115348104
10409.771221 5991.84959555 182.0 10402.2457472 6289.754559 183.0 10406.0084841 6140.80207728 182.5 10425 5389 10425 5389 298.0 10410.0341463 5981.44138113 10.4115348104 10401.0839599 6335.74531219 -46.0054249942
10402.2457472 6289.754559 183.0 10434.1373385 6503.62982881 184.0 10418.1915429 6396.6921939 183.47792053 10425 5389 10396 6537 298.0 10401.0839599 6335.74531219 -46.0054249942 10445.8990453 6513.92132225 15.6285822847
10434.1373385 6503.62982881 184.0 10876.8762599 6816.49869339 187.0 10655.5067992 6660.0642611 185.647619984 10396 6537 10914 6778 298.0 10445.8990453 6513.92132225 15.6285822847 10909.3992676 6782.77112985 46.8539707193
10876.8762599 6816.49869339 187.0 10670.0767205 7031.06325244 188.0 10773.4764902 6923.78097292 187.5 10914 6778 10860 6834 298.0 10909.3992676 6782.77112985 46.8539707193 10648.4621001 7053.49045254 -31.1475700307
10793.5744836 7310.91091985 189.0 11107.562792 7630.43207157 190.0 10950.5686378 7470.67149571 189.500016077 10594 7110 11042 7561 448.0 10794.3568756 7310.12328861 -1.11018026217 11076.7258726 7663.08887479 44.9152802335
11107.562792 7630.43207157 190.0 11435.9661719 7927.99426085 191.0 11271.764482 7779.21316621 190.499135019 11042 7561 11347 7884 448.0 11076.7258726 7663.08887479 44.9152802335 11461.3716509 7915.43111192 -28.3420371831
11435.9661719 7927.99426085 191.0 11843.993945 8111.90800698 192.0 11639.9800585 8019.95113392 191.500036519 11347 7884 11654 8037 447.99999999999994 11461.3716509 7915.43111192 -28.3420371831 11844.2891175 8111.7916307 -0.317285801921
11843.993945 8111.90800698 192.0 12282.4098262 8180.24109247 193.0 12063.2018856 8146.07454972 192.500278815 11654 8037 12023 8169 448.00000000000006 11844.2891175 8111.7916307 -0.317285801921 12303.198325 8179.34025752 -20.8080077644
12282.4098262 8180.24109247 193.0 12728.6905423 8218.97179819 194.0 12505.5501842 8199.60644533 193.500030057 12023 8169 12323 8182 448.0 12303.198325 8179.34025752 -20.8080077644 12690.1194745 8222.4868955 38.7309073108
12728.6905423 8218.97179819 194.0 13176.2594981 8232.61267174 195.0 12952.4750202 8225.79223496 194.499932897 12323 8182 13017 8221 448.0 12690.1194745 8222.4868955 38.7309073108 13194.031593 8231.31678982 -17.8192779053
13378.4278348 7848.41961843 196.0 13297.3206137 6844.78774711 197.0 13337.8742242 7346.60368277 196.500000081 13444 8248 13316 7468 1009.0000000000001 13384.244169 7883.86290506 -35.9173539037 13297.721958 6858.17805297 -13.3963192092
13297.3206137 6844.78774711 197.0 13309.9470566 5840.62236216 198.0 13303.6338352 6342.70505464 197.500177067 13316 7468 13272 6000 1009.0 13297.721958 6858.17805297 -13.3963192092 13311.948842 5849.02986076 8.6425214709
13309.9470566 5840.62236216 198.0 13543.6521687 4859.06089154 199.0 13426.7996127 5349.84162685 198.5 13272 6000 13272 6000 1009.0 13311.948842 5849.02986076 8.6425214709 13539.7156016 4842.52730974 -16.9957608712
13543.6521687 4859.06089154 199.0 13358.6085575 7727.64589743 203.0 13451.1303631 6293.35339449 200.900631765 13272 6000 13316 7468 1009.0 13539.7156016 4842.52730974 -16.9957608712 13353.5293818 7758.59712449 31.3652113443
13409.0566126 9295.85601837 207.0 13230.9257061 10288.1547592 208.0 13319.9911594 9792.00538879 207.499910585 13480 8824 13308 9968 1008.9999999999999 13414.5231115 9259.49744433 36.7672206819 13233.683516 10276.6992413 11.7828012192
13230.9257061 10288.1547592 208.0 12993.553424 11268.673235 209.0 13112.2395651 10778.4139971 208.500009327 13308 9968 12996 11264 1009.0 13233.683516 10276.6992413 11.7828012192 12980.9300816 11292.7852374 -27.2164920238
12993.553424 11268.673235 209.0 12525.5668614 12162.5801525 210.0 12759.5601427 11715.6266937 209.5 12996 11264 12996 11264 1009.0 12980.9300816 11292.7852374 -27.2164920238 12518.0084707 12177.0175278 -16.2962288872
12525.5668614 12162.5801525 210.0 11853.7577409 12850.8034551 211.0 12189.6623011 12506.6918038 210.485525972 12996 11264 12016 12788 1008.9999999999999 12518.0084707 12177.0175278 -16.2962288872 11848.47078 12852.8500207 -5.66924920426
11853.7577409 12850.8034551 211.0 10901.0723725 13181.3578564 212.0 11377.4150567 13016.0806558 211.50012275 12016 12788 11396 13028 1009.0 11848.47078 12852.8500207 -5.66924920426 10924.7846976 13174.0103754 24.8245812961
10274.0981451 12968.1635752 213.0 9928.35699746 12391.9283291 214.0 10101.2275713 12680.0459521 213.5 10277 12973 9935 12403 672.0 10275.9404408 12971.2340681 -3.58077925325 9950.0695817 12428.1159695 -42.2016780746
9928.35699746 12391.9283291 214.0 9582.7634177 11815.6046585 215.0 9755.56020758 12103.7664938 214.499999981 9935 12403 9659 11943 672.0 9950.0695817 12428.1159695 -42.2016780746 9560.83894994 11778.967719 42.6959907567
9582.7634177 11815.6046585 215.0 9236.20234196 11239.8629005 216.0 9409.48287983 11527.7337795 215.500000032 9659 11943 9463 11616 672.0 9560.83894994 11778.967719 42.6959907567 9233.51273355 11235.4022657 5.20876718538
9236.20234196 11239.8629005 216.0 9589.61064795 11827.0467407 219.0 9412.90649496 11533.4548206 217.43611337 9463 11616 9507 11689 672.0 9233.51273355 11235.4022657 5.20876718538 9578.86767148 11844.9988198 20.921010667
9589.61064795 11827.0467407 219.0 9935.2174816 12403.3624693 220.0 9762.41406478 12115.204605 219.499999968 9507 11689 9935 12403 672.0 9578.86767148 11844.9988198 20.921010667 9937.14408996 12400.1514554 -3.74465355803
9935.2174816 12403.3624693 220.0 10280.8886687 12979.6391905 221.0 10108.0530752 12691.5008299 220.500000031 9935 12403 10277 12973 672.0 9937.14408996 12400.1514554 -3.74465355803 10289.4874694 12964.9583112 -17.0137470432
10246.9877518 13550.6422448 222.0 9539.39863545 14261.2107113 223.0 9893.19319365 13905.9264781 222.500500269 10544 13292 9708 14020 1009.0 10279.8253354 13522.0468371 43.5431307519 9534.43316123 14268.3146015 -8.66724808108
9539.39863545 14261.2107113 223.0 9023.71546215 15122.8543904 224.0 9281.5570488 14692.0325509 223.499683733 9708 14020 9160 14804 1008.9999999999999 9534.43316123 14268.3146015 -8.66724808108 9014.35771507 15144.7479874 -23.8095992721
9023.71546215 15122.8543904 224.0 8165.9519303 15065.8402582 225.0 8594.83369622 15094.3473243 224.554285811 9160 14804 8948 15300 1009.0 9014.35771507 15144.7479874 -23.8095992721 8152.02947823 15061.671617 14.5331428438
8165.9519303 15065.8402582 225.0 7209.235562 14747.5750563 226.0 7687.59374615 14906.7076572 225.500058387 8948 15300 7572 14888 1009.0 8152.02947823 15061.671617 14.5331428438 7241.66618344 14760.1288452 -34.7756067444
7209.235562 14747.5750563 226.0 6260.25875833 14409.022102 227.0 6734.74716016 14578.2985791 226.500274863 7572 14888 6456 14456 1009.0000000000001 7241.66618344 14760.1288452 -34.7756067444 6247.61614263 14405.9878742 13.0016256603
5631.35714349 13986.0938358 228.0 5374.91541055 13364.9484119 229.0 5503.13627702 13675.5211238 228.5 5756 14288 5756 14288 672.0 5615.72002184 13948.2180718 40.9767381729 5359.80219002 13328.3416254 39.6038666553
5374.91541055 13364.9484119 229.0 4912.41021652 12900.0199212 230.0 5143.66281354 13132.4841665 229.499189485 5756 14288 5210 13105 672.0 5359.80219002 13328.3416254 39.6038666553 4914.56218808 12901.5022009 -2.61306998703
4912.41021652 12900.0199212 230.0 4358.99033269 12518.8238664 231.0 4635.70027461 12709.4218938 230.5 5210 13105 5210 13105 672.0 4914.56218808 12901.5022009 -2.61306998703 4382.07607384 12534.7253432 -28.0322744182
4358.99033269 12518.8238664 231.0 3770.17185372 12198.0135682 232.0 4064.5810932 12358.4187173 231.499795042 5210 13105 4201 12410 672.0 4382.07607384 12534.7253432 -28.0322744182 3764.65695982 12195.2999974 6.14634209526
3434.05687663 11913.2687066 233.0 3573.28102661 11649.7907453 234.0 3503.66895162 11781.529726 233.5 3384 12008 3384 12008 298.0 3449.35806762 11942.2257992 32.7511779773 3578.41849064 11659.5132579 10.9963988525
3573.28102661 11649.7907453 234.0 3712.50517658 11386.3127841 235.0 3642.8931016 11518.0517647 234.5 3384 12008 3384 12008 298.0 3578.41849064 11659.5132579 10.9963988525 3734.32187435 11427.6002981 46.6971853251
3712.50517658 11386.3127841 235.0 3890.76589645 11149.652734 236.0 3801.63553652 11267.982759 235.497653088 3384 12008 3756 11304 298.0 3734.32187435 11427.6002981 46.6971853251 3905.21521723 11166.2015287 21.9691938434
3890.76589645 11149.652734 236.0 4086.76296499 10925.1774589 237.0 3988.76443072 11037.4150964 236.5 3756 11304 3756 11304 298.0 3905.21521723 11166.2015287 21.9691938434 4055.94765459 10889.8847102 -46.8525502419
4086.76296499 10925.1774589 237.0 4282.76003354 10700.7021838 238.0 4184.76149927 10812.9398214 237.5 3756 11304 3756 11304 298.0 4055.94765459 10889.8847102 -46.8525502419 4306.46485917 10727.8513004 36.041549456
4282.76003354 10700.7021838 238.0 4485.42613229 10515.6148782 239.0 4384.09308292 10608.158531 238.507013938 3756 11304 4458 10500 298.0 4306.46485917 10727.8513004 36.041549456 4477.88949287 10519.9058116 8.67254537154
4485.42613229 10515.6148782 239.0 4715.54672143 10700.5594836 240.0 4600.48642686 10608.0871809 239.501269763 4458 10500 4692 10676 298.0 4477.88949287 10519.9058116 8.67254537154 4705.59522274 10710.9390038 14.3793867911
4715.54672143 10700.5594836 240.0 4923.42601589 10723.4572595 241.0 4819.48636866 10712.0083716 240.479505874 4692 10676 4887 10678 298.0 4705.59522274 10710.9390038 14.3793867911 4925.49278204 10720.878072 -3.30510672445
4923.42601589 10723.4572595 241.0 5149.41573943 10748.4977477 242.0 5036.42087766 10735.9775036 241.518392883 4887 10678 5145 10751 298.0 4925.49278204 10720.878072 -3.30510672445 5172.14177465 10761.3758343 26.1212134484
5149.41573943 10748.4977477 242.0 5433.51756249 10687.5702649 243.0 5291.46665096 10718.0340063 242.495548716 5145 10751 5306 10739 298.0 5172.14177465 10761.3758343 26.1212134484 5460.47236657 10698.4415394 29.0645157202
5433.51756249 10687.5702649 243.0 4959.48752978 10768.4596446 246.0 5196.50254613 10728.0149547 244.503787655 5306 10739 5008 10829 298.0 5460.47236657 10698.4415394 29.0645157202 4929.34037413 10730.8379875 48.2103730895
4959.48752978 10768.4596446 246.0 4755.457135 10742.1864741 247.0 4857.47233239 10755.3230594 246.594396973 5008 10829 4785 10773 298.0 4929.34037413 10730.8379875 48.2103730895 4753.23604237 10739.8698506 3.20936081867
4755.457135 10742.1864741 247.0 4535.54130844 10544.1476063 248.0 4645.49922172 10643.1670402 247.501229841 4785 10773 4595 10578 298.0 4753.23604237 10739.8698506 3.20936081867 4505.82258619 10527.2274578 34.1978636056
4535.54130844 10544.1476063 248.0 4320.68903554 10657.2621302 249.0 4428.11517199 10600.7048682 248.481989574 4595 10578 4458 10500 298.0 4505.82258619 10527.2274578 34.1978636056 4316.08131462 10662.5393491 -7.00572128005
4320.68903554 10657.2621302 249.0 4124.691967 10881.7374053 250.0 4222.69050127 10769.4997678 249.5 4458 10500 4458 10500 298.0 4316.08131462 10662.5393491 -7.00572128005 4122.23165687 10884.5551964 -3.74073154991
4124.691967 10881.7374053 250.0 3928.69489846 11106.2126804 251.0 4026.69343273 10993.9750429 250.5 4458 10500 4458 10500 298.0 4122.23165687 10884.5551964 -3.74073154991 3922.05674135 11113.8153561 -10.0928592088
3928.69489846 11106.2126804 251.0 3739.44758497 11335.3250005 252.0 3834.07124172 11220.7688404 251.499707204 4458 10500 3756 11304 298.0 3922.05674135 11113.8153561 -10.0928592088 3748.51094979 11318.1728262 19.3995274306
3739.44758497 11335.3250005 252.0 3600.223435 11598.8029617 253.0 3669.83550999 11467.0639811 252.5 3756 11304 3756 11304 298.0 3748.51094979 11318.1728262 19.3995274306 3599.78049407 11599.6412155 -0.948085481548
3600.223435 11598.8029617 253.0 3460.99928502 11862.280923 254.0 3530.61136001 11730.5419423 253.5 3756 11304 3756 11304 298.0 3599.78049407 11599.6412155 -0.948085481548 3463.29469215 11857.9369267 4.91316575533
3653.48779015 12140.5998674 255.0 4251.893507 12445.055488 256.0 3952.69064857 12292.8276777 255.499873704 3384 12008 4201 12410 672.0 3638.36744488 12148.0397435 16.8516052034 4274.68044654 12429.359826 -27.6694492181
4251.893507 12445.055488 256.0 4805.31339084 12826.2515427 257.0 4528.60344892 12635.6535154 256.5 4201 12410 4201 12410 672.0 4274.68044654 12429.359826 -27.6694492181 4774.0900743 12847.7581879 37.9134709922
4805.31339084 12826.2515427 257.0 5321.65680372 13246.7781051 258.0 5063.48509728 13036.5148239 257.49968834 4201 12410 5268 13173 672.0 4774.0900743 12847.7581879 37.9134709922 5296.08500714 13281.9393254 43.4767546216
5321.65680372 13246.7781051 258.0 5581.73099818 13865.8908847 259.0 5451.69390095 13556.3344949 258.500064961 5268 13173 5332 13261 672.0 5296.08500714 13281.9393254 43.4767546216 5572.36132193 13888.5858317 24.5530334316
6070.39053568 14363.4537286 260.0 7027.14243207 14677.0873931 261.0 6548.76648388 14520.2705608 260.499826553 5756 14288 6456 14456 1009.0 6108.52551502 14354.3013335 -39.2178911226 6995.53241001 14689.3235306 33.8956716666
7027.14243207 14677.0873931 261.0 7978.89698459 15009.8325274 262.0 7503.01970833 14843.4599602 261.499979955 6456 14456 7572 14888 1009.0 6995.53241001 14689.3235306 33.8956716666 7935.95447718 15022.690313 44.8261262435
7978.89698459 15009.8325274 262.0 8945.49824155 15299.250927 263.0 8462.19761307 15154.5417272 262.5 7572 14888 7572 14888 1009.0 7935.95447718 15022.690313 44.8261262435 8980.76166481 15288.692402 -36.8102087692
8945.49824155 15299.250927 263.0 9427.53407758 14421.2505167 264.0 9186.51615957 14860.2507219 263.499635228 7572 14888 9160 14804 1009.0 8980.76166481 15288.692402 -36.8102087692 9418.53116426 14408.3704364 -15.7146084486
9427.53407758 14421.2505167 264.0 10099.7346183 13678.8722463 265.0 9763.63434792 14050.0613815 264.500320831 9160 14804 9708 14020 1008.9999999999999 9418.53116426 14408.3704364 -15.7146084486 10097.3381087 13676.7853336 -3.17780784823
10356.049883 13084.9222162 266.0 10002.1246899 12514.8744831 267.0 10179.0872864 12799.8983497 266.500370369 10544 13292 10277 12973 672.0 10327.8989424 13053.9063569 41.8862625543 9981.34144108 12480.2357351 40.3953746198
10002.1246899 12514.8744831 267.0 9656.388597 11938.6362081 268.0 9829.25664343 12226.7553456 267.5 10277 12973 9659 11943 672.0 9981.34144108 12480.2357351 40.3953746198 9676.22046963 11971.7763111 -38.6208440559
9656.388597 11938.6362081 268.0 9310.23758575 11362.6481272 269.0 9483.31309137 11650.6421677 268.499999963 9659 11943 9463 11616 672.0 9676.22046963 11971.7763111 -38.6208440559 9289.93673826 11328.9797818 39.3151611024
9310.23758575 11362.6481272 269.0 8961.55557631 10788.2239909 270.0 9135.89658103 11075.4360591 269.500002903 9463 11616 9020 10880 672.0 9289.93673826 11328.9797818 39.3151611024 8967.26661911 10797.1921128 -10.6321785242
8961.55557631 10788.2239909 270.0 8617.47320644 10211.3960587 271.0 8789.51439137 10499.8100248 270.50004473 9020 10880 8623 10218 672.0 8967.26661911 10797.1921128 -10.6321785242 8643.25537055 10242.203053 -40.1720161308
8617.47320644 10211.3960587 271.0 8185.59604357 9696.59604357 272.0 8401.534625 9953.99605115 271.499992241 8623 10218 8192 9703 672.0 8643.25537055 10242.203053 -40.1720161308 8213.7855791 9724.7855791 -39.8660234632
8185.59604357 9696.59604357 272.0 7710.42028661 9221.42028661 273.0 7948.00816509 9459.00816509 272.5 8192 9703 7971 9482 672.0 8213.7855791 9724.7855791 -39.8660234632 7743.66462116 9254.66462116 -47.0145887992
7833.81178603 8963.58826227 274.0 8014.25824678 8726.43205118 275.0 7924.03501641 8845.01015673 274.500000004 7669 9180 7883 8899 298.0 7807.26164967 8928.72570004 -43.821318857 8022.85225215 8737.7307689 14.1957018267
8014.25824678 8726.43205118 275.0 7930.22509034 8524.05854101 276.0 7972.24166856 8625.24529609 275.537926691 7883 8899 8080 8640 298.0 8022.85225215 8737.7307689 14.1957018267 7945.24898814 8535.68861065 -18.9993690723
7930.22509034 8524.05854101 276.0 7718.24418623 8330.67441317 277.0 7824.23463828 8427.36647709 276.502198186 8080 8640 7718 8338 298.0 7945.24898814 8535.68861065 -18.9993690723 7717.78630561 8316.93799472 -13.74404767
7718.24418623 8330.67441317 277.0 7880.83603149 8085.27935345 278.0 7799.54010886 8207.97688331 277.499578437 7718 8338 7817 8172 298.0 7717.78630561 8316.93799472 -13.74404767 7888.25443177 8095.35718025 12.5138026136
7880.83603149 8085.27935345 278.0 8055.95749977 7844.17467246 279.0 7968.39676563 7964.72701295 278.500002021 7817 8172 8027 7885 298.0 7888.25443177 8095.35718025 12.5138026136 8080.75259406 7879.13169064 42.8577860035
8055.95749977 7844.17467246 279.0 8569.19426713 7334.26072386 282.0 8312.57588345 7589.21769816 280.556813468 8027 7885 8496 7431 298.0 8080.75259406 7879.13169064 42.8577860035 8551.71427495 7311.15779713 -28.9705945759
8569.19426713 7334.26072386 282.0 8749.27178021 7096.82443715 283.0 8659.23302367 7215.54258051 282.50000004 8496 7431 8734 7117 298.0 8551.71427495 7311.15779713 -28.9705945759 8768.23193797 7121.87271896 31.4150283109
9023.55349536 7088.64147859 284.0 9380.56670006 7356.11593869 285.0 9202.06009771 7222.37870864 284.49945389 8941 7040 9315 7298 448.0 9008.88912795 7097.28189424 17.0205891215 9380.44693171 7356.222097 0.16004388153
9380.56670006 7356.11593869 285.0 9714.22607496 7655.01732331 286.0 9547.39638751 7505.566631 285.50001036 9315 7298 9690 7634 448.0 9380.44693171 7356.222097 0.16004388153 9740.93673275 7631.84450098 -35.3615459786
9714.22607496 7655.01732331 286.0 10033.926455 7952.14742481 287.0 9874.07626497 7803.58237406 286.496260299 9690 7634 9999 7938 448.0 9740.93673275 7631.84450098 -35.3615459786 10051.7677167 7944.9205846 -19.249359471
10347.1055223 7916.37255452 288.0 10613.6691171 7783.6305105 289.0 10480.3873197 7850.00153251 288.499798695 10302 7934 10504 7841 298.0 10357.8399707 7920.56762632 11.5250601112 10619.0023996 7786.4204271 6.01893146916
10613.6691171 7783.6305105 289.0 10877.722325 7645.50048692 290.0 10745.6957211 7714.56549871 289.5 10504 7841 10504 7841 298.0 10619.0023996 7786.4204271 6.01893146916 10877.5349367 7645.40246144 -0.211478967863
11158.9027045 7684.80188048 291.0 11502.9969984 7961.14137284 292.0 11330.9498514 7822.97162666 291.502749489 11042 7561 11347 7884 448.0 11164.1640112 7679.23007043 -7.66331622648 11489.1971052 7967.96549586 15.3949896938
11502.9969984 7961.14137284 292.0 11913.5609967 8139.33587684 293.0 11708.2789976 8050.23862484 292.499880751 11347 7884 11654 8037 447.99999999999994 11489.1971052 7967.96549586 15.3949896938 11905.9594405 8142.33290617 8.17103675961
11913.5609967 8139.33587684 293.0 12357.0095565 8185.09939308 294.0 12135.2852766 8162.21763496 293.500643861 11654 8037 12323 8182 448.0 11905.9594405 8142.33290617 8.17103675961 12356.2415069 8185.16938774 0.771232390814
12357.0095565 8185.09939308 294.0 12803.4662229 8219.51712655 295.0 12580.2378897 8202.30825981 294.49994159 12323 8182 12729 8219 448.0 12356.2415069 8185.16938774 0.771232390814 12761.7035474 8219.80714513 41.7636825113
12803.4662229 8219.51712655 295.0 13250.8402526 8238.05085175 296.0 13027.1532377 8228.78398915 295.500116285 12729 8219 13017 8221 448.0 12761.7035474 8219.80714513 41.7636825113 13293.7411736 8234.92265959 -43.0148185296
13250.8402526 8238.05085175 296.0 13698.1773654 8262.02764757 297.0 13474.508809 8250.03924966 296.499992464 13017 8221 13673 8261 448.0 13293.7411736 8234.92265959 -43.0148185296 13662.7678912 8263.47293223 35.4389575475
13850.8693848 8049.68134438 298.0 13540.0745259 7461.71310626 299.0 13695.4719553 7755.69722532 298.497274366 13982 8255 13577 7613 672.0 13828.8157366 8015.1506943 40.9722978564 13534.760361 7439.9405081 22.4117464634
13540.0745259 7461.71310626 299.0 13427.7679672 6800.38649822 300.0 13483.9212466 7131.04980224 299.500357862 13577 7613 13474 7191 672.0 13534.760361 7439.9405081 22.4117464634 13425.9349779 6784.89960936 15.594985615
13454.1296303 6458.40469365 301.0 13585.8022913 6449.11435666 302.0 13519.9659608 6453.75952515 301.5 13389 6463 13389 6463 132.0 13482.7314543 6460.4227328 28.6729283339 13613.8923094 6451.09628466 28.1598500692
13585.8022913 6449.11435666 302.0 13717.4749522 6439.82401966 303.0 13651.6386217 6444.46918816 302.5 13389 6463 13389 6463 132.0 13613.8923094 6451.09628466 28.1598500692 13669.4148642 6436.43307722 -48.1795656844
13717.4749522 6439.82401966 303.0 13849.1476131 6430.53368266 304.0 13783.3112827 6435.17885116 303.5 13389 6463 13389 6463 132.0 13669.4148642 6436.43307722 -48.1795656844 13838.7597046 6429.80075017 -10.4137329552
13849.1476131 6430.53368266 304.0 13980.8202741 6421.24334566 305.0 13914.9839436 6425.88851416 304.5 13389 6463 13389 6463 132.0 13838.7597046 6429.80075017 -10.4137329552 13998.4713713 6422.48874193 17.6949779465
13980.8202741 6421.24334566 305.0 14112.492935 6411.95300866 306.0 14046.6566045 6416.59817716 305.5 13389 6463 13389 6463 132.0 13998.4713713 6422.48874193 17.6949779465 14162.2937831 6415.4667727 49.9246533221
14112.492935 6411.95300866 306.0 14244.1655959 6402.66267166 307.0 14178.3292655 6407.30784016 306.5 13389 6463 13389 6463 132.0 14162.2937831 6415.4667727 49.9246533221 14249.8672914 6403.06496225 5.7158699345
14244.1655959 6402.66267166 307.0 14375.8382569 6393.37233466 308.0 14310.0019264 6398.01750316 307.5 13389 6463 13389 6463 132.0 14249.8672914 6403.06496225 5.7158699345 14360.3433209 6392.27906916 -15.5334564731
14375.8382569 6393.37233466 308.0 14507.5109178 6384.08199766 309.0 14441.6745873 6388.72716616 308.5 13389 6463 13389 6463 132.0 14360.3433209 6392.27906916 -15.5334564731 14476.0292231 6381.86076547 -31.5599583889
14507.5109178 6384.08199766 309.0 14639.1835788 6374.79166066 310.0 14573.3472483 6379.43682916 309.5 13389 6463 13389 6463 132.0 14476.0292231 6381.86076547 -31.5599583889 14680.0855353 6377.67755176 41.0036390698
14639.1835788 6374.79166066 310.0 14770.8562397 6365.50132366 311.0 14705.0199092 6370.14649216 310.5 13389 6463 13389 6463 132.0 14680.0855353 6377.67755176 41.0036390698 14725.9834908 6362.3352681 -44.9843028352
14770.8562397 6365.50132366 311.0 14839.0847841 6327.40292688 312.0 14804.9705119 6346.45212527 311.521081611 13389 6463 14863 6359 132.0 14725.9834908 6362.3352681 -44.9843028352 14822.228511 6305.13221458 27.9306027237
14839.0847841 6327.40292688 312.0 14759.4220547 6222.15156324 313.0 14799.2534194 6274.77724506 312.5 14863 6359 14863 6359 132.0 14822.228511 6305.13221458 27.9306027237 14781.8660169 6251.80479808 -37.1893233886
14759.4220547 6222.15156324 313.0 14667.8640523 6138.68758817 314.0 14713.6430535 6180.41957571 313.494806093 14863 6359 14698 6141 132.0 14781.8660169 6251.80479808 -37.1893233886 14662.9048545 6138.30705567 4.97377599171
14667.8640523 6138.68758817 314.0 14536.2509463 6128.58856271 315.0 14602.0574993 6133.63807544 314.5 14698 6141 14698 6141 132.0 14662.9048545 6138.30705567 4.97377599171 14521.8562823 6127.48402166 14.4369790082
14536.2509463 6128.58856271 315.0 14404.6378402 6118.48953724 316.0 14470.4443932 6123.53904998 315.5 14698 6141 14698 6141 132.0 14521.8562823 6127.48402166 14.4369790082 14377.1773246 6116.38241847 27.5412393827
14404.6378402 6118.48953724 316.0 14557.2262121 6130.19805093 318.0 14480.9320262 6124.34379409 317.016818133 14698 6141 14294 6110 132.0 14377.1773246 6116.38241847 27.5412393827 14526.745268 6132.53693526 30.5705468531
14557.2262121 6130.19805093 318.0 14688.8393182 6140.29707639 319.0 14623.0327651 6135.24756366 318.5 14294 6110 14294 6110 132.0 14526.745268 6132.53693526 30.5705468531 14662.9193508 6142.28598478 25.9961624698
14688.8393182 6140.29707639 319.0 14851.7806848 6344.17690478 322.0 14770.3100015 6242.23699059 320.522239628 14294 6110 14698 6141 132.0 14662.9193508 6142.28598478 25.9961624698 14828.041828 6375.54097008 39.3349451903
14851.7806848 6344.17690478 322.0 14976.1187935 6350.88142631 323.0 14913.9497391 6347.52916554 322.503989206 14698 6141 14863 6359 132.0 14828.041828 6375.54097008 39.3349451903 14994.2462384 6352.1824391 18.1740720005
14976.1187935 6350.88142631 323.0 15103.4447744 6361.26379769 324.0 15039.7817839 6356.072612 323.498381432 14863 6359 15072 6344 132.0 14994.2462384 6352.1824391 18.1740720005 15139.8153742 6341.29562524 -41.4915466436
15103.4447744 6361.26379769 324.0 15219.1531431 6424.7899609 325.0 15161.2989587 6393.0268793 324.5 15072 6344 15072 6344 132.0 15139.8153742 6341.29562524 -41.4915466436 15223.5945022 6422.35156763 -5.06669844495
15219.1531431 6424.7899609 325.0 15334.8615118 6488.31612411 326.0 15277.0073274 6456.55304251 325.5 15072 6344 15072 6344 132.0 15223.5945022 6422.35156763 -5.06669844495 15375.948413 6465.75860969 -46.8718989696
15334.8615118 6488.31612411 326.0 15438.7133409 6562.60863822 327.0 15386.7874263 6525.46238116 326.494470171 15072 6344 15429 6540 132.0 15375.948413 6465.75860969 -46.8718989696 15425.8820037 6592.47468158 32.505749639
15438.7133409 6562.60863822 327.0 15490.8190921 6683.88926606 328.0 15464.7662165 6623.24895214 327.5 15429 6540 15429 6540 132.0 15425.8820037 6592.47468158 32.505749639 15500.2073085 6662.03738294 -23.7832588963
15490.8190921 6683.88926606 328.0 15542.9248433 6805.1698939 329.0 15516.8719677 6744.52957998 328.5 15429 6540 15429 6540 132.0 15500.2073085 6662.03738294 -23.7832588963 15558.4612265 6769.00762275 -39.3584686695
15533.8964516 7095.91637011 330.0 15626.0665959 7377.61050682 331.0 15579.9815238 7236.76343847 330.500267238 15545 6810 15607 7318 298.0 15533.4302928 7107.91995969 -12.0126377912 15628.3901118 7370.34618128 -7.62687036968
15626.0665959 7377.61050682 331.0 15689.4497362 7664.87252323 332.0 15657.758166 7521.24151503 331.502441099 15607 7318 15694 7590 298.0 15628.3901118 7370.34618128 -7.62687036968 15688.3033811 7683.73527494 -18.8975535969
15641.4505969 8280.45734059 334.0 15768.6606062 8434.5752267 335.0 15705.0556015 8357.51628365 334.47226277 15635 8021 15647 8455 298.0 15642.2455559 8248.48232183 -31.9848993216 15751.2131639 8431.64609406 -17.6916098826
15330.6002071 8730.81169097 338.0 15145.2109775 9136.5593984 339.0 15237.9055923 8933.68554468 338.500310036 15339 8698 15223 8986 448.0 15333.9629646 8717.67591953 13.5593742141 15143.3707675 9140.1210952 -4.0089970066
15145.2109775 9136.5593984 339.0 14961.1255971 9544.72729648 340.0 15053.1682873 9340.64334744 339.499943559 15223 8986 15084 9256 448.0 15143.3707675 9140.1210952 -4.0089970066 14944.3600913 9584.1224761 -42.8142775617
14961.1255971 9544.72729648 340.0 14776.0335962 9943.33666736 341.0 14868.5795966 9744.03198192 340.503400383 15084 9256 14850 9778 448.0 14944.3600913 9584.1224761 -42.8142775617 14771.6515598 9953.1318075 -10.7306576383
14776.0335962 9943.33666736 341.0 14593.5022151 10352.4649584 342.0 14684.7679056 10147.9008129 341.499999867 14850 9778 14663 10196 448.0 14771.6515598 9953.1318075 -10.7306576383 14582.1200828 10378.0903054 -28.0394604327
14341.2956906 10819.0958015 343.0 13956.1847022 11369.4325814 344.0 14148.7401964 11094.2641915 343.500012475 14480 10608 14045 11256 672.0 14356.0016863 10796.714565 26.7803296885 13952.3254822 11374.3614766 -6.25999894864
13956.1847022 11369.4325814 344.0 13635.2880281 11956.4559469 345.0 13795.7363652 11662.9442641 344.499578279 14045 11256 13752 11736 672.0 13952.3254822 11374.3614766 -6.25999894864 13640.4263989 11946.7501354 10.9820594348
13635.2880281 11956.4559469 345.0 13364.0200522 12570.4106368 346.0 13499.6540401 12263.4332918 345.499513601 13752 11736 13428 12408 672.0 13640.4263989 11946.7501354 10.9820594348 13359.889009 12580.897131 -11.270850825
13364.0200522 12570.4106368 346.0 13107.9509271 13191.5830092 347.0 13235.9854896 12880.996823 346.499977159 13428 12408 13220 12936 672.0 13359.889009 12580.897131 -11.270850825 13114.058518 13177.6516449 15.2113634647
13107.9509271 13191.5830092 347.0 12790.3513057 13783.5989892 348.0 12949.1511164 13487.5909992 347.499964587 13220 12936 12792 13779 672.0 13114.058518 13177.6516449 15.2113634647 12789.6057091 13785.6788114 -2.20942853563
12790.3513057 13783.5989892 348.0 12620.9283271 14432.7596322 349.0 12705.6398164 14108.1793107 348.499951776 12792 13779 12633 14377 672.0 12789.6057091 13785.6788114 -2.20942853563 12618.7935907 14442.6200811 -10.088882653
12620.9283271 14432.7596322 349.0 12387.3509122 15060.104105 350.0 12504.1396196 14746.4318686 349.499445355 12633 14377 12415 14998 672.0 12618.7935907 14442.6200811 -10.088882653 12393.5162952 15046.2557062 15.1588290098
12387.3509122 15060.104105 350.0 12123.9362575 15678.1593563 351.0 12255.6435848 15369.1317306 350.500018311 12415 14998 12242 15383 672.0 12393.5162952 15046.2557062 15.1588290098 12110.0379753 15712.9050618 -37.4222701381
12123.9362575 15678.1593563 351.0 11802.2460323 16265.6385687 352.0 11963.0911449 15971.8989625 351.500549383 12242 15383 12045 15875 672.0 12110.0379753 15712.9050618 -37.4222701381 11801.2726306 16267.2049622 -1.84420700202
11672.013512 16822.8483445 353.0 11867.9945828 17193.3845265 354.0 11770.0040474 17008.1164355 353.501331639 11662 16798 11806 17110 447.99999999999994 11673.814333 16818.3796405 -4.81791160499 11856.4475094 17208.9156778 19.3533346659
11867.9945828 17193.3845265 354.0 12232.7752568 17329.8530364 355.0 12050.3849198 17261.6187815 354.503749362 11806 17110 12144 17307 448.0 11856.4475094 17208.9156778 19.3533346659 12222.4715878 17332.5054661 10.6395948427
12232.7752568 17329.8530364 355.0 12646.2662666 17479.0632305 356.0 12439.5207617 17404.4581335 355.501556586 12144 17307 12628 17449 448.0 12222.4715878 17332.5054661 10.6395948427 12637.8986328 17492.8349612 16.1145233117
13070.9568411 17870.450083 358.0 13458.8789341 18085.5195432 359.0 13264.9178876 17977.9848131 358.501257579 13025 17864 13453 18083 448.0 13022.6084515 17877.2358218 48.8222595234 13453.8431977 18087.677716 5.4787180687
13458.8789341 18085.5195432 359.0 13902.580221 18132.4151934 360.0 13680.7295776 18108.9673683 359.499361086 13453 18083 13888 18134 448.0 13453.8431977 18087.677716 5.4787180687 13941.9620428 18136.6958262 39.6137817452
13902.580221 18132.4151934 360.0 13366.7004779 18046.1429125 363.0 13634.6403495 18089.2790529 362.113014519 13888 18134 13453 18083 448.0 13941.9620428 18136.6958262 39.6137817452 13326.7122741 18029.0646171 43.4824633148
12949.9589445 17550.4961111 365.0 12565.9108115 17429.6183088 366.0 12757.934878 17490.05721 365.48781493 12958 17547 12617 17445 448.0 12974.9165652 17539.6449717 27.2145192819 12523.6593734 17416.8974458 44.1248725689
12565.9108115 17429.6183088 366.0 12135.4366002 17307.2518647 367.0 12350.6737059 17368.4350868 366.500179212 12617 17445 12144 17307 448.0 12523.6593734 17416.8974458 44.1248725689 12153.5132419 17306.7201988 18.0844586489
12135.4366002 17307.2518647 367.0 11808.188866 17112.9440888 368.0 11971.8127331 17210.0979767 367.539325234 12144 17307 11977 17340 447.99999999999994 12153.5132419 17306.7201988 18.0844586489 11819.2273042 17127.791111 -18.5008428988
11808.188866 17112.9440888 368.0 11683.9322931 16728.1518996 369.0 11746.0605795 16920.5479942 368.49331125 11977 17340 11682 16742 448.0 11819.2273042 17127.791111 -18.5008428988 11680.0556845 16700.3695383 -28.05151853
11881.6057779 16137.9332309 370.0 12179.7766983 15538.5582543 371.0 12030.6912381 15838.2457426 370.498703274 11784 16295 12104 15728 672.0 11895.3072054 16159.981505 25.9587269119 12169.0370039 15511.7090183 -28.9175121239
12179.7766983 15538.5582543 371.0 12449.258659 14923.0877323 372.0 12314.5176787 15230.8229933 371.500025257 12104 15728 12415 14998 672.0 12169.0370039 15511.7090183 -28.9175121239 12467.8231047 14963.6819868 44.6377882808
12449.258659 14923.0877323 372.0 12653.0603482 14285.8784184 373.0 12551.1595036 14604.4830753 372.500375633 12415 14998 12633 14377 672.0 12467.8231047 14963.6819868 44.6377882808 12658.7076951 14311.5307738 26.2666302203
12668.709449 13735.5787675 374.0 12557.6075726 13362.1656051 375.0 12613.1585108 13548.8721863 374.518819467 12754 13885 12492 13426 447.99999999999994 12671.418938 13740.3255441 -5.46563981569 12561.8518846 13366.295206 5.92180620324
13187.7337817 13009.5989773 378.0 12657.3737953 12754.7755933 379.0 12922.5537885 12882.1872853 378.489255844 13099 13212 13072 12900 672.0 13174.7514785 12979.986451 -32.3332941118 12644.4597292 12750.2523925 13.6832907797
11922.0034217 12824.3857723 380.0 10970.9739253 13159.6982203 381.0 11446.4886735 12992.0419963 380.499780768 12016 12788 11396 13028 1009.0 11947.8121728 12814.395288 27.6749238447 10936.9945915 13170.227028 -35.5731769386
10298.7820509 13010.1888673 382.0 9953.43278136 12433.7213023 383.0 10126.1074161 12721.9550848 382.499999893 10318 13043 9989 12493 672.0 10300.4829561 13013.0928519 -3.36544273364 9941.76270376 12414.2711729 22.6825537019
9953.43278136 12433.7213023 383.0 9607.79075725 11857.4266601 384.0 9780.61176931 12145.5739812 383.499999978 9989 12493 9659 11943 672.0 9941.76270376 12414.2711729 22.6825537019 9632.17335574 11898.1712655 -47.4829861643
9349.55948283 11705.0472067 385.0 8903.73493253 12219.7945807 389.0 9126.64720768 11962.4208937 387.27614832 9384 11763 8872 12166 298.0 9360.10842395 11722.7978288 -20.6486014849 8900.25931388 12225.6861782 6.84038344851
8903.73493253 12219.7945807 389.0 8784.54124826 12409.4691946 390.0 8844.13809039 12314.6318877 389.503503152 8872 12166 8954 12305 298.0 8900.25931388 12225.6861782 6.84038344851 8815.74393465 12390.2331299 36.6556110806
8784.54124826 12409.4691946 390.0 9021.32127003 12420.7925844 393.0 8902.93125914 12415.1308895 391.034167365 8954 12305 8954 12305 298.0 8815.74393465 12390.2331299 36.6556110806 9042.61372827 12384.1695563 -42.362896157
9021.32127003 12420.7925844 393.0 9178.51591027 12673.9521023 394.0 9099.91859015 12547.3723434 393.499997994 8954 12305 9069 12498 298.0 9042.61372827 12384.1695563 -42.362896157 9191.39002951 12653.2680908 -24.3633182619
9178.51591027 12673.9521023 394.0 9370.71211323 12782.2599317 395.0 9274.61401175 12728.106017 394.515670291 9069 12498 9280 12837 298.0 9191.39002951 12653.2680908 -24.3633182619 9398.20025655 12798.8476044 32.1052785184
9370.71211323 12782.2599317 395.0 9625.50781586 12627.7196092 396.0 9498.10996454 12704.9897704 395.499999507 9280 12837 9599 12644 298.0 9398.20025655 12798.8476044 32.1052785184 9608.04163063 12616.9923458 -20.4973609431
9625.50781586 12627.7196092 396.0 9862.30522486 12455.3309955 397.0 9743.90652036 12541.5253023 396.500738895 9599 12644 9852 12463 298.0 9608.04163063 12616.9923458 -20.4973609431 9897.38466122 12481.4366225 43.7272297296
10476.206324 13351.0356413 399.0 9715.27983011 14013.6606264 400.0 10095.7430771 13682.3481339 399.5 10544 13292 10544 13292 1008.9999999999999 10459.606266 13365.4911942 -22.0119271598 9685.5934363 14039.5119359 -39.364605649
9715.27983011 14013.6606264 400.0 9143.17407858 14843.3663067 401.0 9429.22695435 14428.5134666 400.499932804 10544 13292 9160 14804 1008.9999999999999 9685.5934363 14039.5119359 -39.364605649 9133.25412036 14866.5752656 -25.2400741301
9143.17407858 14843.3663067 401.0 8858.43029238 15804.5150878 402.0 9000.80218548 15323.9406973 401.500227467 9160 14804 8948 15300 1009.0 9133.25412036 14866.5752656 -25.2400741301 8853.91111088 15829.9700693 -25.8530285735
8858.43029238 15804.5150878 402.0 8706.30765681 16801.5233858 403.0 8782.3689746 16303.0192368 402.49995234 8948 15300 8752 16404 1009.0 8853.91111088 15829.9700693 -25.8530285735 8710.54825528 16764.630179 37.1361195734
8706.30765681 16801.5233858 403.0 8585.04604206 17803.193783 404.0 8645.67684943 17302.3585844 403.500004491 8752 16404 8652 17274 1008.9999999999999 8710.54825528 16764.630179 37.1361195734 8585.27555324 17801.3797619 1.8284824264
8585.04604206 17803.193783 404.0 8582.13503472 18809.0429476 405.0 8583.59053839 18306.1183653 404.499859588 8652 17274 8548 18096 1009.0 8585.27555324 17801.3797619 1.8284824264 8581.42633883 18823.8468173 14.820823481
8582.13503472 18809.0429476 405.0 8869.8727914 19773.0593266 406.0 8726.00391306 19291.0511371 405.499636166 8548 18096 8843 19730 1009.0 8581.42633883 18823.8468173 14.820823481 8853.86476574 19798.7096133 30.2356428061
8869.8727914 19773.0593266 406.0 9440.86319262 20584.3288353 407.0 9155.36799201 20178.6940809 406.502653189 8843 19730 9356 20552 1009.0 8853.86476574 19798.7096133 30.2356428061 9397.69518174 20600.7737918 46.1943043966
9440.86319262 20584.3288353 407.0 10412.3071852 20786.9638419 408.0 9926.58518893 20685.6463386 407.501099943 9356 20552 10364 20772 1009.0 9397.69518174 20600.7737918 46.1943043966 10416.8429301 20785.55883 -4.74837238318
10412.3071852 20786.9638419 408.0 11376.1251514 21085.5202489 409.0 10894.2161683 20936.2420454 408.5 10364 20772 10364 20772 1009.0 10416.8429301 20785.55883 -4.74837238318 11356.7582088 21091.5194365 20.2748296053
11376.1251514 21085.5202489 409.0 12204.0287683 21644.8901013 410.0 11790.0769599 21365.2051751 409.500114865 10364 20772 12036 21504 1009.0 11356.7582088 21091.5194365 20.2748296053 12191.2031968 21655.6441888 16.7375531272
12038.7161917 22682.5874822 412.0 12314.275732 22796.0281316 413.0 12176.4959618 22739.3078069 412.500001682 11931 22639 12204 22750 298.0 11993.5411914 22700.8675986 48.7333900189 12337.1083074 22786.4980132 -24.7416583496
12314.275732 22796.0281316 413.0 12204.0791085 23067.3924794 414.0 12259.1774202 22931.7103055 413.495452174 12204 22750 12319 22798 298.0 12337.1083074 22786.4980132 -24.7416583496 12188.8689916 23103.0473639 -38.7636226833
12204.0791085 23067.3924794 414.0 12351.2370068 23227.4135943 415.0 12277.6580576 23147.4030368 414.560414965 12319 22798 12165 23159 298.0 12188.8689916 23103.0473639 -38.7636226833 12320.0521759 23238.8692465 33.2223665896
12351.2370068 23227.4135943 415.0 12513.0103624 23451.6102307 416.0 12432.1236846 23339.5119125 415.496639816 12165 23159 12376 23310 298.0 12320.0521759 23238.8692465 33.2223665896 12508.6083802 23456.1600012 6.33070760173
12513.0103624 23451.6102307 416.0 12720.2211143 23665.7776985 417.0 12616.6157383 23558.6939646 416.5 12376 23310 12376 23310 298.0 12508.6083802 23456.1600012 6.33070760173 12707.3832943 23679.0465244 18.4627019852
12720.2211143 23665.7776985 417.0 12927.3578246 23880.0167648 418.0 12823.7894694 23772.8972316 417.500000006 12376 23310 12793 23741 298.0 12707.3832943 23679.0465244 18.4627019852 12929.1413466 23878.171398 -2.5663844895
12927.3578246 23880.0167648 418.0 13134.45445 24094.2945931 419.0 13030.9061373 23987.155679 418.5 12793 23741 12793 23741 298.0 12929.1413466 23878.171398 -2.5663844895 13147.8970729 24080.385839 -19.3431526089
13134.45445 24094.2945931 419.0 13341.5510755 24308.5724215 420.0 13238.0027627 24201.4335073 419.5 12793 23741 12793 23741 298.0 13147.8970729 24080.385839 -19.3431526089 13333.5241915 24316.8776426 11.5502192802
13341.5510755 24308.5724215 420.0 13548.6477009 24522.8502498 421.0 13445.0993882 24415.7113357 420.5 12793 23741 12793 23741 298.0 13333.5241915 24316.8776426 11.5502192802 13536.6750085 24535.2381028 17.2280081295
13548.6477009 24522.8502498 421.0 13719.3731386 24572.5282619 422.0 13634.0104197 24547.6892559 421.43019637 12793 23741 13687 24666 298.0 13536.6750085 24535.2381028 17.2280081295 13712.1041515 24551.5403417 -22.2110551122
13855.3756082 24499.28096 423.0 14242.1590013 24573.6764602 426.0 14048.7673047 24536.4787101 424.529536956 13853 24476 14150 24568 197.99999999999997 13852.8024202 24524.4982017 25.348186821 14245.5500802 24573.4675894 -3.39750541821
14242.1590013 24573.6764602 426.0 14438.55473 24579.2457488 427.0 14340.3568656 24576.4611045 426.500508552 14150 24568 14426 24585 198.0 14245.5500802 24573.4675894 -3.39750541821 14439.85032 24579.8395609 1.42518997309
14438.55473 24579.2457488 427.0 14609.2240299 24530.0 428.0 14523.8893799 24554.6228744 427.49983997 14426 24585 14485 24530 198.0 14439.85032 24579.8395609 1.42518997309 14609.2240299 24494.5859896 -35.4140104152
14682.0 24824.5932572 429.0 14682.0 25272.5932572 430.0 14682.0 25048.5932572 429.5 14682 24758 14682 25198 448.0 14730.720849 24824.5932572 -48.7208489505 14635.6967367 25272.5932572 46.303263324
14682.0 25272.5932572 430.0 14682.0 25720.5932572 431.0 14682.0 25496.5932572 430.5 14682 25198 14682 25668 448.0 14635.6967367 25272.5932572 46.303263324 14718.7353355 25720.5932572 -36.7353354788
14682.0 25720.5932572 431.0 14679.7231814 26168.5363723 432.0 14680.8615907 25944.5648148 431.500015061 14682 25668 14682 26123 448.0 14718.7353355 25720.5932572 -36.7353354788 14680.4951173 26153.0976538 15.4580048011
14679.7231814 26168.5363723 432.0 14685.8566819 26615.4945149 433.0 14682.7899317 26392.0154436 432.500710414 14682 26123 14668 26403 448.0 14680.4951173 26153.0976538 15.4580048011 14682.758758 26652.3598096 36.9952306143
14685.8566819 26615.4945149 433.0 14724.8770377 27061.7907381 434.0 14705.3668598 26838.6426265 433.500000068 14668 26403 14698 26760 448.0 14682.758758 26652.3598096 36.9952306143 14722.6543926 27086.7478673 25.0559064942
14724.8770377 27061.7907381 434.0 14807.1654845 27501.6282297 435.0 14766.0212611 27281.7094839 434.500049185 14698 26760 14733 27153 448.0 14722.6543926 27086.7478673 25.0559064942 14796.9476967 27549.6587831 49.1053688085
14807.1654845 27501.6282297 435.0 14790.4379418 27883.7003319 436.0 14798.8017131 27692.6642808 435.56827582 14733 27153 14880 27844 448.0 14796.9476967 27549.6587831 49.1053688085 14816.3901544 27872.1964487 28.3876146893
14539.6277453 28090.4061043 437.0 14671.3259175 28357.725373 438.0 14605.4768314 28224.0657386 437.5 14501 28012 14501 28012 298.0 14525.1334435 28119.8264529 32.7969769638 14691.5739917 28316.6260905 -45.8163237978
14671.3259175 28357.725373 438.0 14803.1492763 28624.9828866 439.0 14737.2375969 28491.3541298 438.50000001 14501 28012 14778 28574 298.0 14691.5739917 28316.6260905 -45.8163237978 14799.8982688 28631.5733644 7.34870381922
14803.1492763 28624.9828866 439.0 14934.9578862 28892.2477019 440.0 14869.0535812 28758.6152942 439.500000005 14778 28574 14925 28872 298.0 14799.8982688 28631.5733644 7.34870381922 14925.9073657 28910.6504267 20.5078570593
14934.9578862 28892.2477019 440.0 15067.559212 29159.1184241 441.0 15001.2585491 29025.683063 440.499999508 14925 28872 15065 29154 298.0 14925.9073657 28910.6504267 20.5078570593 15088.0157136 29118.205421 -45.7421280308
15067.559212 29159.1184241 441.0 15199.1550623 29426.481195 442.0 15133.3571372 29292.7998096 441.500000959 15065 29154 15169 29365 298.0 15088.0157136 29118.205421 -45.7421280308 15205.8135564 29412.9056246 -15.120570596
15199.1550623 29426.481195 442.0 15330.3823343 29694.0319437 443.0 15264.7686983 29560.2565694 442.5 15169 29365 15169 29365 298.0 15205.8135564 29412.9056246 -15.120570596 15321.006941 29713.1468232 21.2902940395
16266.7524159 29323.069679 445.0 16158.7843783 29045.3541193 446.0 16212.7683971 29184.2118992 445.500018667 16285 29371 16171 29073 298.0 16269.8639028 29331.2425181 -8.74509288865 16155.9489915 29038.9371913 7.01543894139
16158.7843783 29045.3541193 446.0 16031.0990801 28776.1456832 447.0 16094.9417292 28910.7499013 446.499977333 16171 29073 16069 28851 298.0 16155.9489915 29038.9371913 7.01543894139 16010.2065136 28734.8828644 46.2506167659
16054.368285 28822.1023629 451.0 16178.6680884 29092.8583827 452.0 16116.5181867 28957.4803728 451.500048336 16029 28772 16171 29073 298.0 16058.8157897 28813.3185413 -9.84559904192 16192.3020449 29057.5499312 -37.8493265298
16285.4623905 29370.7883241 453.0 16895.7482083 29089.5142567 454.0 16590.6052994 29230.1512904 453.499998907 16285 29371 16818 29127 672.0 16309.3566618 29381.7267897 26.2790074834 16896.9663396 29090.10157 1.35232420961
16895.7482083 29089.5142567 454.0 17508.0048025 28812.677263 455.0 17201.8765054 28951.0957599 454.499993762 16818 29127 17042 29019 672.0 16896.9663396 29090.10157 1.35232420961 17527.7256615 28821.4086357 21.5673166124
17508.0048025 28812.677263 455.0 18133.320927 28568.8111855 456.0 17820.6628648 28690.7442243 455.500356022 17042 29019 18042 28612 672.0 17527.7256615 28821.4086357 21.5673166124 18160.4503155 28581.6416086 30.0103895095
18133.320927 28568.8111855 456.0 18724.9095831 28252.8586914 457.0 18429.1152551 28410.8349384 456.499779406 18042 28612 18628 28297 672.0 18160.4503155 28581.6416086 30.0103895095 18731.9284249 28256.0557009 7.71265261538
18724.9095831 28252.8586914 457.0 19339.7521703 27987.0876897 458.0 19032.3308767 28119.9731905 457.499500256 18628 28297 19302 27990 672.0 18731.9284249 28256.0557009 7.71265261538 19359.7636778 27988.6314346 20.0709636667
19339.7521703 27987.0876897 458.0 20001.5522489 27928.2283194 459.0 19670.6522096 27957.6580046 458.499400454 19302 27990 20002 27936 672.0 19359.7636778 27988.6314346 20.0709636667 20004.2085818 27974.3346694 -46.1828064359
20001.5522489 27928.2283194 459.0 19962.9002946 27257.3408278 460.0 19982.2262717 27592.7845736 459.5 20002 27936 20002 27936 672.0 20004.2085818 27974.3346694 -46.1828064359 19961.5355132 27233.6521223 23.7279876462
19962.9002946 27257.3408278 460.0 19924.3425657 26586.4479407 461.0 19943.6214302 26921.8943842 460.499999998 20002 27936 19932 26721 672.0 19961.5355132 27233.6521223 23.7279876462 19926.1142603 26617.5791459 -31.1815785513
19924.3425657 26586.4479407 461.0 19886.1604457 25915.5335454 462.0 19905.2515057 26250.990743 461.5 19932 26721 19932 26721 672.0 19926.1142603 26617.5791459 -31.1815785513 19883.4789473 25868.4157876 47.1939989267
19886.1604457 25915.5335454 462.0 19549.8951605 25367.0304851 463.0 19718.0278031 25641.2820153 462.49517227 19932 26721 19841 25698 672.0 19883.4789473 25868.4157876 47.1939989267 19531.1998045 25345.774937 28.3075018533
19549.8951605 25367.0304851 463.0 19107.2742019 24861.3994002 464.0 19328.5846812 25114.2149427 463.499998613 19841 25698 19213 24984 672.0 19531.1998045 25345.774937 28.3075018533 19088.9663005 24840.1693908 28.0337752688
19107.2742019 24861.3994002 464.0 18668.7230506 24352.2267903 465.0 18887.9986262 24606.8130953 464.500000015 19213 24984 18906 24628 672.0 19088.9663005 24840.1693908 28.0337752688 18690.166525 24377.1492945 -32.8778620144
18668.7230506 24352.2267903 465.0 18222.34849 23849.9338855 466.0 18445.5357703 24101.0803379 465.49999403 18906 24628 18336 23977 672.0 18690.166525 24377.1492945 -32.8778620144 18215.1331179 23841.866863 10.8230515812
18222.34849 23849.9338855 466.0 17776.1370248 23347.4649233 467.0 17999.2427574 23598.6994044 466.500000256 18336 23977 18031 23636 672.0 18215.1331179 23841.866863 10.8230515812 17801.6550538 23376.3543547 -38.545674831
17776.1370248 23347.4649233 467.0 17326.871958 22847.8030758 468.0 17551.5044914 23097.6339996 467.500021411 18031 23636 17368 22896 672.0 17801.6550538 23376.3543547 -38.545674831 17336.6165738 22859.2225474 -15.0120573712
17326.871958 22847.8030758 468.0 16884.8706168 22341.6559811 469.0 17105.8712874 22594.7295285 468.500000747 17368 22896 16892 22350 672.0 17336.6165738 22859.2225474 -15.0120573712 16907.3125338 22367.9213359 -34.5471923412
16706.8984504 21951.2563326 470.0 16920.4928396 21743.4550852 471.0 16813.695645 21847.3557089 470.499999958 16622 22034 16819 21842 298.0 16701.5562623 21946.049733 -7.45973551102 16884.8885973 21708.884991 -49.6261370683
16920.4928396 21743.4550852 471.0 17134.2927609 21535.8651201 472.0 17027.3928003 21639.6601027 471.5 16819 21842 16819 21842 298.0 16884.8885973 21708.884991 -49.6261370683 17148.0826138 21549.2544378 19.2206625617
17134.2927609 21535.8651201 472.0 17257.5544884 21324.7966495 473.0 17195.9236247 21430.3308848 472.469286638 16819 21842 17301 21374 298.0 17148.0826138 21549.2544378 19.2206625617 17240.5473696 21305.5355752 25.6949619731
17257.5544884 21324.7966495 473.0 16963.3678544 21701.8254028 476.0 17110.4611714 21513.3110261 474.623178824 17301 21374 17301 21374 298.0 17240.5473696 21305.5355752 25.6949619731 16997.5955101 21668.5919114 47.7074141493
16963.3678544 21701.8254028 476.0 16749.6950001 21909.5459898 477.0 16856.5314272 21805.6856963 476.499999888 17301 21374 16819 21842 298.0 16997.5955101 21668.5919114 47.7074141493 16767.4460497 21892.2454744 24.7872465842
16424.681797 21864.5957619 478.0 15827.1575087 21561.7085749 479.0 16125.9196529 21713.1521684 478.499835472 16525 21947 15926 21601 672.0000000000001 16396.8597639 21841.7419489 36.0050314909 15823.4193756 21560.2226089 4.02265262528
15827.1575087 21561.7085749 479.0 15203.7918918 21310.7167567 480.0 15515.4747003 21436.2126658 479.499999771 15926 21601 15382 21382 672.0 15823.4193756 21560.2226089 4.02265262528 15245.0485452 21327.2194181 -44.4347756142
15203.7918918 21310.7167567 480.0 14578.9259033 21063.5577249 481.0 14891.3588976 21187.1372408 480.499988822 15382 21382 14614 21078 672.0 15245.0485452 21327.2194181 -44.4347756142 14556.0919447 21054.1555067 24.6939542046
14578.9259033 21063.5577249 481.0 13957.7675065 20807.1673335 482.0 14268.3467049 20935.3625292 481.500001583 14614 21078 14003 20825 672.0 14556.0919447 21054.1555067 24.6939542046 13941.64459 20800.8109607 17.3306639582
13957.7675065 20807.1673335 482.0 13332.5981573 20560.6976908 483.0 13645.1828319 20683.9325121 482.5 14003 20825 14003 20825 672.0 13941.64459 20800.8109607 17.3306639582 13354.874366 20569.4799659 -23.9448915465
13332.5981573 20560.6976908 483.0 12849.4627771 20125.6260124 484.0 13091.0304672 20343.1618516 483.500848804 14003 20825 12944 20185 672.0 13354.874366 20569.4799659 -23.9448915465 12817.7355538 20105.6997685 37.4656095018
12849.4627771 20125.6260124 484.0 12399.2380514 19676.4914734 485.0 12624.3504143 19901.0587429 484.499701643 12944 20185 12458 19813 672.0 12817.7355538 20105.6997685 37.4656095018 12404.5021436 19688.7203644 -13.3137688825
12399.2380514 19676.4914734 485.0 12093.614884 19078.0522724 486.0 12246.4264677 19377.2718729 485.499991596 12458 19813 12167 19222 672.0 12404.5021436 19688.7203644 -13.3137688825 12083.9664408 19059.1264801 21.2433064725
11709.7839862 18809.929993 487.0 11347.4652773 18557.6316768 488.0 11528.6246318 18683.7808349 487.499575373 11974 18944 11357 18569 448.0 11705.3221456 18807.6659402 5.00339454653 11322.1501358 18527.4482389 39.3941152564
11347.4652773 18557.6316768 488.0 11051.2949391 18221.5836305 489.0 11199.3801082 18389.6076537 488.499998553 11357 18569 11253 18445 448.0 11322.1501358 18527.4482389 39.3941152564 11076.6172671 18249.6316257 -37.7877007878
10774.6069158 17915.2316652 490.0 10268.1641513 17712.3350367 491.0 10521.3855335 17813.783351 490.519565927 10866 17920 10268 17714 672.0 10730.049095 17912.9069093 44.6184253509 10265.359263 17683.8854557 -28.5875157744
10268.1641513 17712.3350367 491.0 10335.4724223 17043.7167241 492.0 10301.8182868 17378.0258804 491.499999433 10268 17714 10331 17089 672.0 10265.359263 17683.8854557 -28.5875157744 10335.8272562 17047.3094174 3.61017342186
10232.3833108 16439.5444418 493.0 10095.2470328 16013.9920876 494.0 10163.8151718 16226.7682647 493.500180096 10262 16543 10183 16248 447.99999999999994 10237.1267416 16456.1139603 -17.2351117309 10108.8684657 16050.3159085 -38.7938577483
10095.2470328 16013.9920876 494.0 9852.89071636 15691.2981971 495.0 9974.0688746 15852.6451423 494.491557856 10183 16248 9916 15677 448.0 10108.8684657 16050.3159085 -38.7938577483 9813.01772329 15700.3319221 -40.8835390305
9448.01740401 15695.3934787 496.0 10014.8922067 15636.5689321 499.0 9731.45480536 15665.9812054 497.615181949 9465 15696 9916 15677 298.0 9468.81998738 15696.1364281 -20.8158460966 9996.24351602 15628.9446055 -20.1470598361
10014.8922067 15636.5689321 499.0 10033.9746864 15403.4198403 500.0 10024.4334466 15519.9943862 499.469977881 9916 15677 10097 15603 298.0 9996.24351602 15628.9446055 -20.1470598361 10019.2857854 15356.9049871 48.7790464849
