11867.4588512 28125.0693314 1.0 11956.8881872 28308.162267 2.0 11912.1735192 28216.6157992 1.61261876283 11883 28080 11905 28288 298.0 11867.1328606 28126.0147044 -1 11958.7523964 28307.4378886 -2
11956.8881872 28308.162267 2.0 11987.7865514 28493.9359502 3.0 11972.3373693 28401.0491086 2.42228136546 11905 28288 12080 28356 298.0 11958.7523964 28307.4378886 -2 11986.1192458 28496.4299615 -3
11885.177572 28698.094844 4.0 12301.7625363 28533.3676779 5.0 12093.4700541 28615.731261 4.50001804894 11840 28715 12222 28565 448.0 11883.3044175 28697.3939217 -2.0 12300.8329678 28532.9990285 -1.0
12301.7625363 28533.3676779 5.0 12718.209231 28368.2127494 6.0 12509.9858837 28450.7902137 5.5 12222 28565 12222 28565 448.0 12300.8329678 28532.9990285 -1.0 12718.209231 28368.2127494 0.0
12718.209231 28368.2127494 6.0 12390.5533052 28498.1549285 7.0 12554.3812681 28433.183839 6.46515743204 12222 28565 12807 28333 448.0 12718.209231 28368.2127494 0.0 12389.6237367 28498.5235779 -1.0
12390.5533052 28498.1549285 7.0 11974.6378044 28664.6194022 9.0 12182.5955548 28581.3871654 8.18196535801 12807 28333 11995 28657 448.0 12389.6237367 28498.5235779 -1.0 11972.7646498 28665.3203246 -2.0
11974.6378044 28664.6194022 9.0 11545.4553102 28788.2460568 10.0 11760.0465573 28726.4327295 9.49997074097 11995 28657 11660 28770 448.0 11972.7646498 28665.3203246 -2.0 11544.4677607 28788.4033655 -1.0
11120.8453301 28560.2827893 11.0 10731.1869595 28013.2255491 12.0 10926.0161448 28286.7541692 11.5002732588 11147 28595 10746 28041 672.0 11122.0487657 28561.8802068 -2.0 10732.5987242 28015.872608 -3.0
10731.1869595 28013.2255491 12.0 10630.4989974 27351.1461338 13.0 10680.8429785 27682.1858415 12.4988449547 10746 28041 10644 27455 672.0 10732.5987242 28015.872608 -3.0 10630.7568279 27353.1294451 -2.0
10630.4989974 27351.1461338 13.0 10543.0634393 26684.8587245 14.0 10586.7812183 27018.0024292 13.4999999957 10644 27455 10544 26692 672.0 10630.7568279 27353.1294451 -2.0 10543.4535414 26687.8332531 -3.0
10543.0634393 26684.8587245 14.0 10493.8069964 26024.1387068 15.0 10518.4352178 26354.4987156 14.5030609071 10544 26692 10465 26088 672.0 10543.4535414 26687.8332531 -3.0 10492.1622425 26020.4925054 -4.0
10493.8069964 26024.1387068 15.0 10756.5388878 25405.7178076 16.0 10625.1729421 25714.9282572 15.4999910346 10465 26088 10713 25506 672.0 10492.1622425 26020.4925054 -4.0 10754.5476448 25401.13142 -5.0
10756.5388878 25405.7178076 16.0 11020.6986764 24787.821944 17.0 10888.6187821 25096.7698758 16.5000020679 10713 25506 10893 25090 672.0 10754.5476448 25401.13142 -5.0 11019.1416253 24784.137437 -4.0
11020.6986764 24787.821944 17.0 11285.0592317 24170.0224542 18.0 11152.878954 24478.9221991 17.4999942376 10893 25090 11279 24184 672.0 11019.1416253 24784.137437 -4.0 11283.8660289 24167.2699522 -3.0
11285.0592317 24170.0224542 18.0 11550.0170139 23552.4710715 19.0 11417.5381228 23861.2467629 18.4999960351 11279 24184 11494 23686 672.0 11283.8660289 24167.2699522 -3.0 11548.4696136 23548.782501 -4.0
11550.0170139 23552.4710715 19.0 11807.8882191 22931.9210687 20.0 11678.9526165 23242.1960701 19.4999997887 11494 23686 11666 23276 672.0 11548.4696136 23548.782501 -4.0 11806.7445317 22929.147627 -3.0
11807.8882191 22931.9210687 20.0 12072.6383592 22314.3212996 21.0 11940.2632892 22623.1211842 20.50001107 11666 23276 11931 22639 672.0 11806.7445317 22929.147627 -3.0 12071.8386582 22312.4881388 -2.0
12072.6383592 22314.3212996 21.0 12346.8472919 21700.8626817 22.0 12209.7428256 22007.5919907 21.4999982636 11931 22639 12327 21748 672.0 12071.8386582 22312.4881388 -2.0 12345.6831209 21698.0977756 -3.0
12346.8472919 21700.8626817 22.0 12592.2085621 21076.9787922 23.0 12469.527927 21388.9207369 22.5001841567 12327 21748 12578 21152 672.0 12345.6831209 21698.0977756 -3.0 12591.4642185 21073.0486582 -4.0
12592.2085621 21076.9787922 23.0 12610.4947512 20406.311411 24.0 12601.3516566 20741.6451016 23.5001463986 12578 21152 12603 20494 672.0 12591.4642185 21073.0486582 -4.0 12610.2392724 20403.3223091 -3.0
12610.4947512 20406.311411 24.0 12525.566746 19921.4071477 25.0 12568.0307486 20163.8592794 24.5101429181 12603 20494 12780 20082 672.0 12610.2392724 20403.3223091 -3.0 12528.9493128 19923.5421518 -4.0
12525.566746 19921.4071477 25.0 12224.9774161 19335.5811261 26.0 12375.2720811 19628.4941369 25.5018396622 12780 20082 12393 19662 672.0 12528.9493128 19923.5421518 -4.0 12226.3504295 19338.2484907 -3.0
12117.6823953 18900.1573766 27.0 12185.9506433 18482.5220002 28.0 12151.8165193 18691.3396884 27.4939125238 12116 18902 12168 18636 448.0 12116.3338566 18898.6804056 -2.0 12185.834476 18481.5287705 -1.0
12192.7397985 18074.6884603 29.0 12137.7456857 17782.8994563 30.0 12165.2427421 17928.7939583 29.4996126341 12218 18111 12140 17796 298.0 12192.7397985 18074.6884603 0.0 12137.9152711 17783.8849718 -1.0
12137.7456857 17782.8994563 30.0 12087.2092195 17489.2158415 31.0 12112.4774526 17636.0576489 30.5 12140 17796 12140 17796 298.0 12137.9152711 17783.8849718 -1.0 12087.2092195 17489.2158415 0.0
11820.8319746 17129.9494396 32.0 11770.653757 16750.1677349 33.0 11795.7428658 16940.0585872 32.4365584353 11977 17340 11776 16756 448.0 11821.4286198 17130.7519447 -1.0 11770.653757 16750.1677349 0.0
11843.0665223 16199.9504239 34.0 12152.6590581 15606.3523547 35.0 11997.8627902 15903.1513893 34.4995439461 11784 16295 12104 15728 672.0 11843.5943381 16200.7997828 1.0 12153.4018395 15608.209308 2.0
12152.6590581 15606.3523547 35.0 12418.8917762 14989.4899828 36.0 12285.7754171 15297.9211687 35.5000253509 12104 15728 12415 14998 672.0 12153.4018395 15608.209308 2.0 12419.307667 14990.3993974 1.0
12418.8917762 14989.4899828 36.0 12637.3617454 14357.1873261 37.0 12528.1267608 14673.3386545 36.500101932 12415 14998 12633 14377 672.0 12419.307667 14990.3993974 1.0 12637.791747 14359.1405539 2.0
12637.3617454 14357.1873261 37.0 12827.520862 13715.8518009 38.0 12732.4413037 14036.5195635 37.4988579261 12633 14377 12792 13779 672.0 12637.791747 14359.1405539 2.0 12828.9916457 13718.4665275 3.0
12827.520862 13715.8518009 38.0 13139.0034994 13120.7523484 39.0 12983.2621807 13418.3020747 38.5000712814 12792 13779 13099 13212 672.0 12828.9916457 13718.4665275 3.0 13139.8065295 13122.5840533 2.0
13139.0034994 13120.7523484 39.0 13392.3665114 12498.4542402 40.0 13265.6850054 12809.6032943 39.4999633757 13099 13212 13220 12936 672.0 13139.8065295 13122.5840533 2.0 13392.7330359 12499.3846486 1.0
13392.3665114 12498.4542402 40.0 13671.4737662 11888.1051084 41.0 13531.9201388 12193.2796743 40.4999592457 13220 12936 13536 12144 672.0 13392.7330359 12499.3846486 1.0 13671.4737662 11888.1051084 0.0
13671.4737662 11888.1051084 41.0 14003.8630359 11308.5390574 42.0 13837.668401 11598.3220829 41.4994300238 13536 12144 13861 11491 672.0 13671.4737662 11888.1051084 0.0 14004.4795248 11309.326421 1.0
14003.8630359 11308.5390574 42.0 14383.7649124 10754.4613683 43.0 14193.8139742 11031.5002129 42.4999778907 13861 11491 14229 10990 672.0 14004.4795248 11309.326421 1.0 14383.7649124 10754.4613683 0.0
14614.4316982 10305.3450291 44.0 14797.0885439 9896.27266646 45.0 14705.7601211 10100.8088478 44.4999999723 14480 10608 14663 10196 448.0 14614.8376309 10306.2589321 1.0 14797.0885439 9896.27266646 0.0
14797.0885439 9896.27266646 45.0 14981.3154228 9497.28573301 46.0 14889.2019834 9696.77919974 45.503376851 14663 10196 14861 9780 448.0 14797.0885439 9896.27266646 0.0 14981.7070096 9498.20587418 1.0
14981.3154228 9497.28573301 46.0 15168.8775947 9090.75304255 47.0 15075.0965087 9294.01938778 46.4999457742 14861 9780 15099 9226 448.0 14981.7070096 9498.20587418 1.0 15169.7956348 9092.52989436 2.0
15168.8775947 9090.75304255 47.0 15343.5017833 8680.8932235 48.0 15256.189689 8885.82313302 47.4989447202 15099 9226 15339 8698 448.0 15169.7956348 9092.52989436 2.0 15343.7562766 8681.86029804 1.0
15523.6207632 8438.30036241 49.0 15790.4431562 8465.68527282 50.0 15657.0319597 8451.99281762 49.4772987563 15417 8409 15784 8432 298.0 15521.6922584 8438.83033321 2.0 15789.8795482 8468.63185492 3.0
15790.4431562 8465.68527282 50.0 15869.6594609 8733.67066987 51.0 15830.0513086 8599.67797135 50.5214907914 15784 8432 15841 8730 298.0 15789.8795482 8468.63185492 3.0 15867.675666 8733.92475198 2.0
15869.6594609 8733.67066987 51.0 15823.4639485 8638.32029196 53.0 15846.5617047 8685.99548091 51.7866067422 15841 8730 15841 8730 298.0 15867.675666 8733.92475198 2.0 15823.2760791 8637.33809792 1.0
15823.4639485 8638.32029196 53.0 15697.2743044 8446.55978831 54.0 15760.3691264 8542.44004013 53.4704162209 15841 8730 15784 8432 298.0 15823.2760791 8637.33809792 1.0 15699.2467018 8446.2286559 2.0
15410.8502076 8425.38358352 55.0 15290.0310945 8855.9277571 56.0 15350.4406511 8640.65567031 55.5001211253 15412 8421 15307 8823 448.0 15411.1039203 8424.41630389 1.0 15290.0310945 8855.9277571 0.0
15290.0310945 8855.9277571 56.0 15084.8988864 9254.20222711 57.0 15187.4649905 9055.0649921 56.4999993454 15307 8823 15099 9226 448.00000000000006 15290.0310945 8855.9277571 0.0 15085.3461 9253.30779991 1.0
15084.8988864 9254.20222711 57.0 14909.356193 9666.37378871 58.0 14997.1275397 9460.28800791 57.5000000892 15099 9226 15084 9256 448.0 15085.3461 9253.30779991 1.0 14910.1393666 9664.53350636 2.0
14909.356193 9666.37378871 58.0 14722.0459037 10064.0150388 59.0 14815.7010483 9865.19441375 58.4971416297 15084 9256 14850 9778 448.0 14910.1393666 9664.53350636 2.0 14722.4542698 10063.1022206 1.0
14722.0459037 10064.0150388 59.0 14539.8362305 10473.2867378 60.0 14630.9410671 10268.6508883 59.4999998623 14850 9778 14663 10196 448.0 14722.4542698 10063.1022206 1.0 14540.6480958 10471.4589318 2.0
14232.3989451 10984.8271035 61.0 13842.9816382 11531.040804 62.0 14037.6902916 11257.9339537 61.4998627199 14480 10608 13861 11491 672.0 14232.9480793 10983.9913693 1.0 13842.9816382 11531.040804 0.0
13842.9816382 11531.040804 62.0 13542.5029726 12131.7166073 63.0 13692.7423054 11831.3787056 62.5000856493 13861 11491 13752 11736 672.0 13842.9816382 11531.040804 0.0 13542.0350849 12132.6003952 -1.0
13542.5029726 12131.7166073 63.0 13291.3359523 12754.9164287 64.0 13416.9194625 12443.316518 63.5000033827 13752 11736 13428 12408 672.0 13542.0350849 12132.6003952 -1.0 13290.6029033 12756.7772455 -2.0
13291.3359523 12754.9164287 64.0 13016.3086663 13367.3796835 65.0 13153.8223093 13061.1480561 64.5000018213 13428 12408 13099 13212 672.0 13290.6029033 12756.7772455 -2.0 13015.8388648 13368.2624556 -1.0
13016.3086663 13367.3796835 65.0 12724.2136871 13970.5421425 66.0 12870.2611767 13668.960913 65.5005042272 13099 13212 12743 13915 672.0 13015.8388648 13368.2624556 -1.0 12724.2136871 13970.5421425 0.0
12724.2136871 13970.5421425 66.0 12576.8911767 14626.1112288 67.0 12650.5524319 14298.3266856 66.5000392013 12743 13915 12587 14582 671.9999999999999 12724.2136871 13970.5421425 0.0 12577.1145529 14625.1364965 1.0
12576.8911767 14626.1112288 67.0 12306.1559732 15241.0252075 68.0 12441.523575 14933.5682182 67.499941781 12587 14582 12350 15144 672.0 12577.1145529 14625.1364965 1.0 12306.1559732 15241.0252075 0.0
12306.1559732 15241.0252075 68.0 12050.1148099 15862.2129753 69.0 12178.1353915 15551.6190914 68.5000613585 12350 15144 12061 15835 672.0 12306.1559732 15241.0252075 0.0 12050.4862005 15861.2844986 1.0
12050.1148099 15862.2129753 69.0 11756.0832598 16451.1423948 70.0 11903.0990348 16156.677685 69.5024907801 12061 15835 11762 16432 672.0 12050.4862005 15861.2844986 1.0 11756.0832598 16451.1423948 0.0
11624.4552301 16835.3981644 71.0 11743.9310837 17107.5997148 72.0 11684.1931569 16971.4989396 71.491212052 11629 16831 11748 17084 448.0 11625.1738323 16834.702743 1.0 11744.2708975 17105.6287946 2.0
11743.9310837 17107.5997148 72.0 11780.7523005 17538.9946102 73.0 11762.3416921 17323.2971625 72.495070872 11748 17084 11729 17450 448.0 11744.2708975 17105.6287946 2.0 11779.2441942 17541.5879893 3.0
11780.7523005 17538.9946102 73.0 11994.8071879 17932.4809797 74.0 11887.7797442 17735.737795 73.4999496417 11729 17450 11836 17634 448.0 11779.2441942 17541.5879893 3.0 11992.9283606 17936.0122696 4.0
11994.8071879 17932.4809797 74.0 12292.5463111 18206.9506975 75.0 12143.6767495 18069.7158386 74.4818483444 11836 17634 12218 18111 448.0 11992.9283606 17936.0122696 4.0 12289.4787112 18210.8990934 5.0
12292.5463111 18206.9506975 75.0 12272.2229786 18643.0640384 76.0 12282.3846448 18425.0073679 75.5121844653 12218 18111 12292 18433 448.0 12289.4787112 18210.8990934 5.0 12272.5979109 18639.0816489 4.0
12272.2229786 18643.0640384 76.0 12063.8080219 18986.4383956 77.0 12168.0155003 18814.751217 76.5149472101 12292 18433 12136 18972 448.0 12272.5979109 18639.0816489 4.0 12068.7109253 18985.4578149 5.0
12337.4632203 19554.1082353 78.0 12733.4074312 20052.5917627 79.0 12535.4353258 19803.349999 78.4861709193 12201 19289 12517 19916 672.0 12335.6325357 19557.6647215 4.0 12730.8705062 20054.1930157 3.0
12733.4074312 20052.5917627 79.0 13213.5408449 20494.9919103 80.0 12973.474138 20273.7918365 79.5010555945 12517 19916 13188 20476 672.0 12730.8705062 20054.1930157 3.0 13210.3309955 20497.3787214 4.0
13213.5408449 20494.9919103 80.0 13830.1998878 20756.8744881 81.0 13521.8703663 20625.9331992 80.4998558208 13188 20476 13308 20551 672.0 13210.3309955 20497.3787214 4.0 13825.5483301 20758.7083396 5.0
13830.1998878 20756.8744881 81.0 14452.130761 21011.3479604 82.0 14141.1653244 20884.1112243 81.4999950123 13308 20551 14342 20966 672.0 13825.5483301 20758.7083396 5.0 14448.4320486 21012.8709596 4.0
14635.2163248 21375.3120341 83.0 14650.0012116 21225.3719398 85.0 14642.6087682 21300.341987 84.1585737691 14640 21330 14640 21330 448.00000000000006 14635.53129 21372.3286137 3.0 14650.3818297 21229.3537899 4.0
14243.2958723 20924.9460708 86.0 13619.9464803 20673.9832167 87.0 13931.6211763 20799.4646437 86.5000026678 14342 20966 14003 20825 672.0 14238.6792798 20923.0258952 5.0 13614.3646111 20671.7825949 6.0
13619.9464803 20673.9832167 87.0 13040.0635604 20353.3422808 88.0 13330.0050204 20513.6627488 87.4974851076 14003 20825 13051 20374 672.0 13614.3646111 20671.7825949 6.0 13036.7883464 20347.1557654 7.0
13040.0635604 20353.3422808 88.0 12631.5774065 20319.3122641 89.0 12835.8204835 20336.3272725 88.4499393504 13051 20374 12632 20318 672.0 13036.7883464 20347.1557654 7.0 12634.0296574 20311.6973796 8.0
12631.5774065 20319.3122641 89.0 12603.0 20987.9681889 90.0 12617.2887032 20653.6402265 89.5017910597 12632 20318 12603 20869 672.0 12634.0296574 20311.6973796 8.0 12596.0 20987.9681889 7.0
12603.0 20987.9681889 90.0 12381.7815476 21617.8938244 91.0 12492.3907738 21302.9310067 90.4985263765 12603 20869 12407 21558 672.0 12596.0 20987.9681889 7.0 12384.1098896 21612.3640122 6.0
12381.7815476 21617.8938244 91.0 12108.6343071 22231.8075114 92.0 12245.2079274 21924.8506679 91.4999973468 12407 21558 12191 22043 672.0 12384.1098896 21612.3640122 6.0 12111.4332606 22225.3914488 7.0
12108.6343071 22231.8075114 92.0 11794.8193163 22486.8121852 93.0 11951.7268117 22359.3098483 92.5902310492 12191 22043 11791 22507 672.0 12111.4332606 22225.3914488 7.0 11795.9346663 22492.7076067 6.0
11794.8193163 22486.8121852 93.0 12031.7785974 21858.361467 94.0 11913.2989569 22172.5868261 93.4999497237 11791 22507 11916 22177 672.0 11795.9346663 22492.7076067 6.0 12033.4861409 21863.0608601 5.0
12031.7785974 21858.361467 94.0 11686.4487163 21340.5859593 95.0 11859.1136568 21599.4737131 94.5154873146 11916 22177 11791 21416 672.0 12033.4861409 21863.0608601 5.0 11683.2045976 21338.2459392 4.0
11411.1394876 21426.9558278 96.0 11242.0482088 21672.3374478 97.0 11326.5938482 21549.6466378 96.5 11418 21417 11418 21417 298.0 11412.8417488 21424.485543 3.0 11243.1830496 21670.6905913 2.0
11242.0482088 21672.3374478 97.0 11071.9672811 21917.0266432 98.0 11157.0077449 21794.6820455 97.4999985663 11418 21417 11121 21848 298.0 11243.1830496 21670.6905913 2.0 11073.7046075 21914.5808924 3.0
11071.9672811 21917.0266432 98.0 10884.78236 22148.5638248 99.0 10978.3748205 22032.795234 98.4999333051 11121 21848 11018 21993 298.0 11073.7046075 21914.5808924 3.0 10887.3841429 22145.5256138 4.0
10884.78236 22148.5638248 99.0 10688.5524237 22372.8327214 100.0 10786.6673918 22260.6982731 99.5000008482 11018 21993 10863 22174 298.0 10887.3841429 22145.5256138 4.0 10690.530948 22370.5776291 3.0
10688.5524237 22372.8327214 100.0 10873.3886801 22161.8687026 102.0 10780.9705519 22267.350712 101.15474691 10863 22174 10863 22174 298.0 10690.530948 22370.5776291 3.0 10875.9904629 22164.9069136 4.0
10873.3886801 22161.8687026 102.0 11061.8231903 21931.3071593 103.0 10967.6059352 22046.587931 102.500085837 10863 22174 11018 21993 298.0 10875.9904629 22164.9069136 4.0 11064.7187343 21935.3834106 5.0
11061.8231903 21931.3071593 103.0 11232.1088607 21686.7612156 104.0 11146.9660255 21809.0341874 103.499996953 11018 21993 11121 21848 298.0 11064.7187343 21935.3834106 5.0 11234.3785423 21690.0549286 4.0
11232.1088607 21686.7612156 104.0 11401.2001395 21441.3795956 105.0 11316.6545001 21564.0704056 104.5 11121 21848 11121 21848 298.0 11234.3785423 21690.0549286 4.0 11402.9024007 21443.8498803 3.0
11654.4123898 21317.4777894 106.0 12033.0 21819.0756838 107.0 11843.7061949 21568.2767366 106.514610948 11608 21284 12033 21716 672.0 11652.7903305 21318.6477994 2.0 12030.0 21819.0756838 3.0
12033.0 21819.0756838 107.0 11806.3644458 22449.2306557 108.0 11919.6822229 22134.1531698 107.500365818 12033 21716 11916 22177 672.0 12030.0 21819.0756838 3.0 11807.8587379 22445.5202526 4.0
11806.3644458 22449.2306557 108.0 12092.8398899 22268.0131755 109.0 11949.6021679 22358.6219156 108.454635697 11916 22177 11931 22639 672.0 11807.8587379 22445.5202526 4.0 12094.0394414 22270.7629166 3.0
12468.4156552 21805.4860387 110.0 13459.1393452 21880.9147908 111.0 12963.7775002 21843.2004147 110.496220493 12327 21748 12696 21898 1009.0 12466.5628862 21806.2391968 2.0 13460.1390947 21880.9371732 1.0
13459.1393452 21880.9147908 111.0 14466.3774149 21830.6531995 112.0 13962.7583801 21855.7839952 111.500104342 12696 21898 14036 21868 1009.0 13460.1390947 21880.9371732 1.0 14468.3699269 21830.8261035 2.0
14466.3774149 21830.6531995 112.0 15471.0592389 21830.3860203 113.0 14968.7183269 21830.5196099 112.500132108 14036 21868 15004 21784 1009.0000000000001 14468.3699269 21830.8261035 2.0 15470.0641344 21830.4848492 1.0
15471.0592389 21830.3860203 113.0 16455.898747 22010.4050683 114.0 15963.478993 21920.3955443 113.499228594 15004 21784 16172 21900 1009.0 15470.0641344 21830.4848492 1.0 16454.0347377 22011.1299608 2.0
16455.898747 22010.4050683 114.0 17393.9661203 22381.9518516 115.0 16924.9324337 22196.17846 114.500002888 16172 21900 17036 22236 1009.0 16454.0347377 22011.1299608 2.0 17391.1881519 22383.0844997 3.0
18059.8048966 22546.8845265 116.0 18287.721539 22479.5670976 117.0 18173.7632178 22513.2258121 116.479661901 17968 22616 18231 22418 298.0 18061.4027068 22548.0874407 2.0 18285.6888209 22481.773465 3.0
18287.721539 22479.5670976 117.0 18491.2591768 22697.2011104 118.0 18389.4903579 22588.384104 117.500001757 18231 22418 18430 22634 298.0 18285.6888209 22481.773465 3.0 18489.8671984 22698.6372149 2.0
18491.2591768 22697.2011104 118.0 18698.6639572 22911.1806821 119.0 18594.961567 22804.1908962 118.5 18430 22634 18430 22634 298.0 18489.8671984 22698.6372149 2.0 18696.5759896 22913.3348388 3.0
18698.6639572 22911.1806821 119.0 18906.0687375 23125.1602537 120.0 18802.3663474 23018.1704679 119.5 18430 22634 18430 22634 298.0 18696.5759896 22913.3348388 3.0 18903.2847808 23128.0324627 4.0
18906.0687375 23125.1602537 120.0 19113.4735179 23339.1398254 121.0 19009.7711277 23232.1500395 120.5 18430 22634 18430 22634 298.0 18903.2847808 23128.0324627 4.0 19109.9935719 23342.7300866 5.0
19231.5243311 23367.9238396 122.0 19276.2626139 23243.7365373 123.0 19253.8934725 23305.8301884 122.5 19207 23436 19207 23436 132.0 19232.8800366 23371.6870912 4.0 19277.9572458 23248.4406018 5.0
19276.2626139 23243.7365373 123.0 19321.0008967 23119.549235 124.0 19298.6317553 23181.6428861 123.5 19207 23436 19207 23436 132.0 19277.9572458 23248.4406018 5.0 19322.3566023 23123.3124866 4.0
19321.0008967 23119.549235 124.0 19365.7391795 22995.3619327 125.0 19343.3700381 23057.4555838 124.5 19207 23436 19207 23436 132.0 19322.3566023 23123.3124866 4.0 19366.7559587 22998.1843714 3.0
19365.7391795 22995.3619327 125.0 19410.4774623 22871.1746304 126.0 19388.1083209 22933.2682815 125.5 19207 23436 19207 23436 132.0 19366.7559587 22998.1843714 3.0 19411.8331679 22874.937882 4.0
19410.4774623 22871.1746304 126.0 19484.8201287 22805.7697796 127.0 19447.6487955 22838.472205 126.475408624 19207 23436 19439 22792 132.0 19411.8331679 22874.937882 4.0 19481.9470599 22806.6331889 3.0
19484.8201287 22805.7697796 127.0 19611.2351565 22843.759788 128.0 19548.0276426 22824.7647838 127.5 19439 22792 19439 22792 132.0 19481.9470599 22806.6331889 3.0 19609.3197773 22844.3353942 2.0
19611.2351565 22843.759788 128.0 19696.9170291 22911.2966682 129.0 19654.0760928 22877.5282281 128.532440302 19439 22792 19642 22904 132.0 19609.3197773 22844.3353942 2.0 19695.9257407 22911.4283778 1.0
19696.9170291 22911.2966682 129.0 19827.5156431 22915.6697167 130.0 19762.2163361 22913.4831924 129.50331864 19642 22904 19785 22923 132.0 19695.9257407 22911.4283778 1.0 19829.4865634 22916.0095305 2.0
19827.5156431 22915.6697167 130.0 19953.6519561 22948.7610537 131.0 19890.5837996 22932.2153852 130.500915187 19785 22923 19843 22913 132.0 19829.4865634 22916.0095305 2.0 19952.7004157 22949.0685774 1.0
19953.6519561 22948.7610537 131.0 20079.2552956 22989.3541705 132.0 20016.4536259 22969.0576121 131.5 19843 22913 19843 22913 132.0 19952.7004157 22949.0685774 1.0 20077.3522147 22989.9692177 2.0
20079.2552956 22989.3541705 132.0 20204.858635 23029.9472872 133.0 20142.0569653 23009.6507288 132.5 19843 22913 19843 22913 132.0 20077.3522147 22989.9692177 2.0 20203.9070945 23030.2548108 1.0
20204.858635 23029.9472872 133.0 20248.3639105 23110.744099 134.0 20226.6112727 23070.3456931 133.503011736 19843 22913 20270 23051 132.0 20203.9070945 23030.2548108 1.0 20249.0449208 23108.8636137 2.0
20248.3639105 23110.744099 134.0 20203.4172292 23234.8561284 135.0 20225.8905698 23172.8001137 134.5 20270 23051 20270 23051 132.0 20249.0449208 23108.8636137 2.0 20204.4387447 23232.0354005 3.0
20203.4172292 23234.8561284 135.0 20158.4705479 23358.9681578 136.0 20180.9438886 23296.9121431 135.5 20270 23051 20270 23051 132.0 20204.4387447 23232.0354005 3.0 20159.8325686 23355.2071872 4.0
20158.4705479 23358.9681578 136.0 20113.5238666 23483.0801872 137.0 20135.9972073 23421.0241725 136.5 20270 23051 20270 23051 132.0 20159.8325686 23355.2071872 4.0 20114.5453821 23480.2594593 3.0
20113.5238666 23483.0801872 137.0 20068.5771853 23607.1922166 138.0 20091.050526 23545.1362019 137.5 20270 23051 20270 23051 132.0 20114.5453821 23480.2594593 3.0 20069.2581957 23605.3117313 2.0
20068.5771853 23607.1922166 138.0 20036.3735803 23725.1715121 139.0 20052.4753828 23666.1818644 138.500334224 20270 23051 20027 23722 132.0 20069.2581957 23605.3117313 2.0 20033.5318326 23726.1330057 3.0
20036.3735803 23725.1715121 139.0 20161.4104798 23767.47723 140.0 20098.89203 23746.3243711 139.5 20027 23722 20027 23722 132.0 20033.5318326 23726.1330057 3.0 20159.5159813 23768.1182257 2.0
20161.4104798 23767.47723 140.0 20286.4473793 23809.7829479 141.0 20223.9289295 23788.6300889 140.5 20027 23722 20027 23722 132.0 20159.5159813 23768.1182257 2.0 20283.6056316 23810.7444415 3.0
20286.4473793 23809.7829479 141.0 20411.4842788 23852.0886657 142.0 20348.965829 23830.9358068 141.5 20027 23722 20027 23722 132.0 20283.6056316 23810.7444415 3.0 20409.5897803 23852.7296615 2.0
20411.4842788 23852.0886657 142.0 20536.5211783 23894.3943836 143.0 20474.0027285 23873.2415247 142.5 20027 23722 20027 23722 132.0 20409.5897803 23852.7296615 2.0 20533.6794305 23895.3558772 3.0
20536.5211783 23894.3943836 143.0 20661.5580778 23936.7001015 144.0 20599.039628 23915.5472426 143.5 20027 23722 20027 23722 132.0 20533.6794305 23895.3558772 3.0 20659.6635793 23937.3410972 2.0
20661.5580778 23936.7001015 144.0 20566.9631005 23904.6942821 145.0 20614.2605891 23920.6971918 144.533460667 20027 23722 20692 23947 132.0 20659.6635793 23937.3410972 2.0 20564.1213528 23903.7327885 3.0
20566.9631005 23904.6942821 145.0 20441.926201 23862.3885643 146.0 20504.4446508 23883.5414232 145.5 20692 23947 20692 23947 132.0 20564.1213528 23903.7327885 3.0 20438.1372041 23861.1065728 4.0
20441.926201 23862.3885643 146.0 20316.8893015 23820.0828464 147.0 20379.4077513 23841.2357053 146.5 20692 23947 20692 23947 132.0 20438.1372041 23861.1065728 4.0 20312.1530553 23818.4803571 5.0
20316.8893015 23820.0828464 147.0 20191.852402 23777.7771285 148.0 20254.3708518 23798.9299874 147.5 20692 23947 20692 23947 132.0 20312.1530553 23818.4803571 5.0 20186.1689066 23775.8541413 6.0
20191.852402 23777.7771285 148.0 20066.8155025 23735.4714106 149.0 20129.3339523 23756.6242696 148.5 20692 23947 20692 23947 132.0 20186.1689066 23775.8541413 6.0 20062.0792563 23733.8689213 5.0
20066.8155025 23735.4714106 149.0 20057.6343086 23637.4089667 151.0 20062.2249056 23686.4401887 149.834521003 20692 23947 20027 23722 132.0 20062.0792563 23733.8689213 5.0 20059.6773396 23643.0504226 6.0
20057.6343086 23637.4089667 151.0 20102.5809899 23513.2969373 152.0 20080.1076493 23575.352952 151.5 20027 23722 20027 23722 132.0 20059.6773396 23643.0504226 6.0 20104.964526 23519.8786359 7.0
20102.5809899 23513.2969373 152.0 20147.5276712 23389.1849079 153.0 20125.0543306 23451.2409226 152.5 20027 23722 20027 23722 132.0 20104.964526 23519.8786359 7.0 20150.2517125 23396.7068491 8.0
20147.5276712 23389.1849079 153.0 20192.4743525 23265.0728785 154.0 20170.0010118 23327.1288932 153.5 20027 23722 20027 23722 132.0 20150.2517125 23396.7068491 8.0 20194.8578886 23271.6545771 7.0
20192.4743525 23265.0728785 154.0 20237.4210338 23140.9608491 155.0 20214.9476931 23203.0168638 154.5 20027 23722 20027 23722 132.0 20194.8578886 23271.6545771 7.0 20240.1450751 23148.4827903 8.0
20237.4210338 23140.9608491 155.0 20235.4384647 23039.8302298 156.0 20236.4297492 23090.3955395 155.541440671 20027 23722 20270 23051 132.0 20240.1450751 23148.4827903 8.0 20226.8746006 23037.0625173 9.0
20235.4384647 23039.8302298 156.0 20109.8351253 22999.2371131 157.0 20172.636795 23019.5336714 156.5 20270 23051 20270 23051 132.0 20226.8746006 23037.0625173 9.0 20100.3197208 22996.161877 10.0
20109.8351253 22999.2371131 157.0 19984.2317858 22958.6439964 158.0 20047.0334556 22978.9405547 157.5 20270 23051 20270 23051 132.0 20100.3197208 22996.161877 10.0 19975.6679218 22955.8762839 9.0
19984.2317858 22958.6439964 158.0 19858.6284464 22918.0508796 159.0 19921.4301161 22938.347438 158.5 20270 23051 20270 23051 132.0 19975.6679218 22955.8762839 9.0 19851.0161228 22915.5906907 8.0
19858.6284464 22918.0508796 159.0 19728.7742439 22915.529445 160.0 19793.7013452 22916.7901623 159.495947434 20270 23051 19785 22923 132.0 19851.0161228 22915.5906907 8.0 19721.8352256 22914.6074775 7.0
19728.7742439 22915.529445 160.0 19633.9037352 22860.2801701 161.0 19681.3389896 22887.9048076 160.557234803 19785 22923 19642 22904 132.0 19721.8352256 22914.6074775 7.0 19632.8111997 22854.3804781 6.0
19633.9037352 22860.2801701 161.0 19515.5975749 22815.0189603 162.0 19574.750655 22837.6495652 161.493027055 19642 22904 19632 22850 132.0 19632.8111997 22854.3804781 6.0 19508.8937477 22813.0043387 7.0
19515.5975749 22815.0189603 162.0 19421.3696016 22840.9395541 163.0 19468.4835883 22827.9792572 162.534423461 19632 22850 19439 22792 132.0 19508.8937477 22813.0043387 7.0 19424.0810127 22833.4130509 8.0
19421.3696016 22840.9395541 163.0 19376.6313188 22965.1268564 164.0 19399.0004602 22903.0332052 163.5 19439 22792 19439 22792 132.0 19424.0810127 22833.4130509 8.0 19379.6816563 22956.6595403 9.0
19376.6313188 22965.1268564 164.0 19331.893036 23089.3141587 165.0 19354.2621774 23027.2205075 164.5 19439 22792 19439 22792 132.0 19379.6816563 22956.6595403 9.0 19335.2822999 23079.9060297 10.0
19331.893036 23089.3141587 165.0 19287.1547532 23213.5014609 166.0 19309.5238946 23151.4078098 165.5 19439 22792 19439 22792 132.0 19335.2822999 23079.9060297 10.0 19290.2050907 23205.0341449 9.0
19287.1547532 23213.5014609 166.0 19242.4164704 23337.6887632 167.0 19264.7856118 23275.5951121 166.5 19439 22792 19439 22792 132.0 19290.2050907 23205.0341449 9.0 19245.1278815 23330.1622601 8.0
19163.8803444 23391.3218026 168.0 18956.564233 23177.256471 169.0 19060.2222887 23284.2891368 168.499999954 19207 23436 19124 23350 298.0 19157.6303378 23384.8458921 9.0 18950.9963195 23171.5120529 8.0
18956.564233 23177.256471 169.0 18749.1594527 22963.2768993 170.0 18852.8618429 23070.2666851 169.5 19124 23350 19124 23350 298.0 18950.9963195 23171.5120529 8.0 18742.8955499 22956.814429 9.0
18749.1594527 22963.2768993 170.0 18541.7546723 22749.2973277 171.0 18645.4570625 22856.2871135 170.5 19124 23350 19124 23350 298.0 18742.8955499 22956.814429 9.0 18536.1867588 22743.5529096 8.0
18541.7546723 22749.2973277 171.0 18336.8808788 22532.925979 172.0 18439.3177756 22641.1116533 171.500016198 19124 23350 18430 22634 298.0 18536.1867588 22743.5529096 8.0 18330.7827245 22526.3068768 9.0
18336.8808788 22532.925979 172.0 18117.7671606 22503.2475369 173.0 18227.3240197 22518.0867579 172.496968182 18430 22634 18231 22418 298.0 18330.7827245 22526.3068768 9.0 18124.1584015 22498.4358802 8.0
18117.7671606 22503.2475369 173.0 17903.4774843 22705.7480737 174.0 18010.6223225 22604.4978053 173.500299839 18231 22418 17968 22616 298.0 18124.1584015 22498.4358802 8.0 17908.7310724 22698.4405562 9.0
17903.4774843 22705.7480737 174.0 17729.5253448 22947.7080976 175.0 17816.5014145 22826.7280856 174.5 17968 22616 17968 22616 298.0 17908.7310724 22698.4405562 9.0 17734.1952009 22941.2125265 8.0
17496.4064074 23035.7363846 176.0 17051.7563926 22531.9581834 177.0 17274.0814 22783.847284 176.500015764 17572 23118 17168 22665 672.0 17490.3167798 23029.1094369 9.0 17046.4926652 22525.9338018 8.0
17051.7563926 22531.9581834 177.0 16611.544785 22038.4068516 178.0 16831.6505888 22285.1825175 177.501954994 17168 22665 16614 22041 672.0 17046.4926652 22525.9338018 8.0 16605.3570119 22031.8714508 9.0
16611.544785 22038.4068516 178.0 16061.9155784 21662.872017 179.0 16336.7301817 21850.6394343 178.501105669 16614 22041 16194 21723 672.0 16605.3570119 22031.8714508 9.0 16054.6345085 21659.5575002 8.0
16061.9155784 21662.872017 179.0 15441.1084945 21405.9211923 180.0 15751.5120364 21534.3966047 179.500041384 16194 21723 15765 21537 672.0 16054.6345085 21659.5575002 8.0 15432.7657928 21402.5449031 9.0
15441.1084945 21405.9211923 180.0 14816.4573713 21158.2110151 181.0 15128.7829329 21282.0661037 180.500000934 15765 21537 14826 21162 672.0 15432.7657928 21402.5449031 9.0 14807.1632082 21154.5206856 10.0
14857.0505016 21002.118388 183.0 15030.7170502 20764.8674686 184.0 14943.8837759 20883.4929283 183.496259701 14826 21040 15026 20796 298.0 14864.0237091 21010.6257012 11.0 15032.215104 20774.7546236 10.0
15030.7170502 20764.8674686 184.0 14908.9772218 20523.8806618 185.0 14969.847136 20644.3740652 184.494098799 15026 20796 15046 20664 298.0 15032.215104 20774.7546236 10.0 14901.2864342 20516.0160711 11.0
14908.9772218 20523.8806618 185.0 14994.4760673 20277.4503898 186.0 14951.7266445 20400.6655258 185.491234744 15046 20664 14869 20483 298.0 14901.2864342 20516.0160711 11.0 14999.6864071 20285.9857491 10.0
14994.4760673 20277.4503898 186.0 14771.7653648 19970.3132816 188.0 14883.1207161 20123.8818357 186.816244971 14869 20483 14792 20003 298.0 14999.6864071 20285.9857491 10.0 14767.0281733 19962.6608953 9.0
14771.7653648 19970.3132816 188.0 14677.1041496 19689.7290472 189.0 14724.4347572 19830.0211644 188.499363132 14792 20003 14685 19745 298.0 14767.0281733 19962.6608953 9.0 14675.689936 19679.8295523 10.0
14677.1041496 19689.7290472 189.0 14663.5817881 19394.7698122 190.0 14670.3429689 19542.2494297 189.499080616 14685 19745 14651 19443 298.0 14675.689936 19679.8295523 10.0 14665.8535852 19403.4783676 9.0
14663.5817881 19394.7698122 190.0 14431.8811688 19282.6948253 191.0 14547.7314785 19338.7323188 190.514041623 14651 19443 14445 19289 298.0 14665.8535852 19403.4783676 9.0 14424.6707297 19279.229343 8.0
14431.8811688 19282.6948253 191.0 14250.7938144 19070.6205637 192.0 14341.3374916 19176.6576945 191.502270726 14445 19289 14316 19227 298.0 14424.6707297 19279.229343 8.0 14248.099814 19064.1597308 7.0
13595.295189 19236.1158555 194.0 13283.1035743 18760.4980434 195.0 13439.1993816 18998.3069494 194.523915013 13631 19222 13312 18813 672.0 13600.8749533 19233.9099022 6.0 13280.6926771 18756.117681 5.0
12726.4792605 18178.0204812 197.0 12814.3990139 18181.7777356 198.0 12770.4391372 18179.8991084 197.5 12726 18178 12726 18178 88.0 12721.48382 18178.2339616 5.0 12808.4044853 18182.0339121 6.0
12814.3990139 18181.7777356 198.0 12840.4650099 18242.3187673 199.0 12827.4320119 18212.0482515 198.500847265 12726 18178 12843 18183 88.0 12808.4044853 18182.0339121 6.0 12840.6784903 18237.3233268 5.0
12840.4650099 18242.3187673 199.0 12868.2551906 18300.8133116 200.0 12854.3601003 18271.5660394 199.476068734 12843 18183 12838 18300 88.0 12840.6784903 18237.3233268 5.0 12864.256635 18300.9207996 4.0
12868.2551906 18300.8133116 200.0 12956.2234122 18303.1780487 201.0 12912.2393014 18301.9956801 200.5 12838 18300 12838 18300 88.0 12864.256635 18300.9207996 4.0 12953.2244956 18303.2586648 3.0
12956.2234122 18303.1780487 201.0 12936.0317784 18302.6352629 202.0 12946.1275953 18302.9066558 201.531051304 12838 18300 13024 18305 88.0 12953.2244956 18303.2586648 3.0 12932.0332228 18302.5277748 4.0
12936.0317784 18302.6352629 202.0 12848.0635567 18300.2705257 203.0 12892.0476675 18301.4528943 202.5 13024 18305 13024 18305 88.0 12932.0332228 18302.5277748 4.0 12845.0646401 18300.1899097 3.0
12848.0635567 18300.2705257 203.0 12841.3274248 18222.1382586 205.0 12844.6954908 18261.2043921 204.174923388 13024 18305 12838 18300 88.0 12845.0646401 18300.1899097 3.0 12841.4982091 18226.134611 4.0
12841.3274248 18222.1382586 205.0 12794.2185051 18180.9153207 206.0 12817.772965 18201.5267896 205.49993432 12838 18300 12843 18183 88.0 12841.4982091 18226.134611 4.0 12789.2230646 18180.7018404 5.0
12727.6282105 18244.7566304 207.0 12737.2288574 18542.2321656 208.0 12732.428534 18393.494398 207.500190756 12726 18178 12739 18535 298.0 12727.4819125 18250.7548466 6.0 12738.4182011 18537.375679 5.0
12212.9787419 18111.1506377 211.0 11935.3754475 17820.7779496 212.0 12074.1770947 17965.9642936 211.498588427 12218 18111 12002 17946 448.0 12217.9764934 18111.0007052 5.0 11932.5572066 17815.4810148 6.0
11935.3754475 17820.7779496 212.0 11726.2178422 17426.5835049 213.0 11830.7966448 17623.6807272 212.498263301 12002 17946 11729 17450 448.0 11932.5572066 17815.4810148 6.0 11725.6279318 17421.6184262 5.0
11726.2178422 17426.5835049 213.0 11781.2928125 16987.0358647 214.0 11753.7553273 17206.8096848 213.499279958 11729 17450 11773 17015 448.0 11725.6279318 17421.6184262 5.0 11782.9986932 16992.788253 6.0
12140.0975477 16757.0160696 215.0 12748.201119 16545.8821569 216.0 12444.1493333 16651.4491132 215.504604943 12094 16784 12748 16546 672.0 12146.138649 16760.552324 7.0 12755.1035139 16549.9265289 8.0
12748.201119 16545.8821569 216.0 13335.9584804 16220.5496909 217.0 13042.0797997 16383.2159239 216.499905494 12748 16546 13265 16258 672.0 12755.1035139 16549.9265289 8.0 13343.9179432 16224.7505185 9.0
13335.9584804 16220.5496909 217.0 13989.6990987 16076.6680606 218.0 13662.8287895 16148.6088757 217.499893913 13265 16258 13749 16113 672.0 13343.9179432 16224.7505185 9.0 13997.6094914 16077.8620821 8.0
13989.6990987 16076.6680606 218.0 14597.1041263 15827.5649537 219.0 14293.4016125 15952.1165071 218.49766256 13749 16113 14556 15856 672.0 13997.6094914 16077.8620821 8.0 14604.5056806 15832.685207 9.0
14597.1041263 15827.5649537 219.0 15139.3588749 15448.7610564 220.0 14868.2315006 15638.163005 219.505779156 14556 15856 15072 15498 672.0 14604.5056806 15832.685207 9.0 15145.8173118 15453.482136 8.0
15139.3588749 15448.7610564 220.0 15689.165985 15062.5283532 221.0 15414.2624299 15255.6447048 220.500001337 15072 15498 15494 15194 672.0 15145.8173118 15453.482136 8.0 15694.9715841 15066.4392379 7.0
15689.165985 15062.5283532 221.0 16035.8107593 14505.0875088 222.0 15862.4883721 14783.807931 221.508161816 15494 15194 15937 14751 672.0 15694.9715841 15066.4392379 7.0 16038.793481 14512.5106733 8.0
16035.8107593 14505.0875088 222.0 16283.8714297 13880.5733123 223.0 16159.8410945 14192.8304105 222.500006197 15937 14751 16270 13918 672.0 16038.793481 14512.5106733 8.0 16286.3041251 13887.1369998 7.0
16283.8714297 13880.5733123 223.0 16543.3970274 13261.1256168 224.0 16413.6342285 13570.8494645 223.500017279 16270 13918 16431 13511 672.0 16286.3041251 13887.1369998 7.0 16546.678817 13268.4214962 8.0
16337.8833423 13063.3481642 225.0 16418.7844152 12858.6311666 226.0 16378.3338788 12960.9896654 225.572961385 16381 13140 16429 12921 298.0 16333.4709912 13055.5039843 9.0 16417.1680231 12848.7626674 10.0
16418.7844152 12858.6311666 226.0 16320.4392525 13012.5340461 228.0 16369.6118339 12935.5826063 226.810527165 16429 12921 16308 12961 298.0 16417.1680231 12848.7626674 10.0 16318.3274877 13021.282786 9.0
16320.4392525 13012.5340461 228.0 16511.0424877 13223.2483679 229.0 16415.7408701 13117.891207 228.502180774 16308 12961 16469 13204 298.0 16318.3274877 13021.282786 9.0 16501.9501114 13227.4111426 10.0
16326.4615463 13765.6603562 230.0 16543.4864787 13959.7595172 231.0 16434.9740125 13862.7099367 230.55246489 16376 13632 16212 14068 672.0 16330.2843533 13755.3459902 11.0 16554.8937442 13963.4843385 12.0
16543.4864787 13959.7595172 231.0 17165.910164 13709.1449652 232.0 16854.6983213 13834.4522412 231.499824749 16212 14068 16800 13876 672.0 16554.8937442 13963.4843385 12.0 17175.9187039 13713.7088594 11.0
17165.910164 13709.1449652 232.0 17798.9381834 13485.8450904 233.0 17482.4241737 13597.4950278 232.500097788 16800 13876 17300 13648 672.0 17175.9187039 13713.7088594 11.0 17808.4485241 13488.9359511 10.0
17798.9381834 13485.8450904 233.0 18394.5115095 13189.0057368 234.0 18096.7248464 13337.4254136 233.500500244 17300 13648 18100 13388 672.0 17808.4485241 13488.9359511 10.0 18403.6259881 13195.1641684 11.0
18394.5115095 13189.0057368 234.0 18965.1151294 12839.0419059 235.0 18679.8133194 13014.0238214 234.49984922 18100 13388 18840 12888 672.0 18403.6259881 13195.1641684 11.0 18976.2900427 12843.4146981 12.0
19446.2336584 12988.0850065 236.0 19638.6696509 13978.5643797 237.0 19542.4516547 13483.3246931 236.5 19440 12956 19440 12956 1009.0000000000001 19443.7543047 13000.8463859 13.0 19635.9995777 13992.3074037 14.0
19638.6696509 13978.5643797 237.0 19770.0802381 14977.8001956 238.0 19704.3749445 14478.1822877 237.49999299 19440 12956 19712 14356 1009.0000000000001 19635.9995777 13992.3074037 14.0 19768.8712151 14990.7438529 13.0
19770.0802381 14977.8001956 238.0 19862.2148108 15982.57773 239.0 19816.1475244 15480.1889628 238.499999709 19712 14356 19848 15812 1009.0 19768.8712151 14990.7438529 13.0 19861.0521741 15996.5293706 14.0
19862.2148108 15982.57773 239.0 19946.0077 16988.0924 240.0 19904.1112554 16485.335065 239.5 19848 15812 19848 15812 1009.0 19861.0521741 15996.5293706 14.0 19944.7620178 17003.0405864 15.0
19946.0077 16988.0924 240.0 19974.5311489 17996.3847761 241.0 19960.2694244 17492.2385881 240.499947218 19848 15812 19960 17156 1009.0 19944.7620178 17003.0405864 15.0 19974.2545332 18012.3823848 16.0
19867.6875644 18728.1159197 242.0 19296.0481153 18374.8280198 243.0 19581.8678399 18551.4719697 242.5 19984 18800 19984 18800 672.0 19853.2264474 18719.1785769 17.0 19280.7363444 18365.364951 18.0
19296.0481153 18374.8280198 243.0 19548.0094994 18530.5466434 245.0 19422.0288074 18452.6873316 243.797041833 19984 18800 19285 18368 672.0 19280.7363444 18365.364951 18.0 19533.5483824 18539.4839861 17.0
19984.0 18560.5662287 246.0 19966.8423266 17551.7145549 247.0 19975.4211633 18056.1403918 246.500000102 19984 18800 19984 18544 1009.0 20000.0 18560.5662287 16.0 19966.5829994 17536.7167967 15.0
19966.8423266 17551.7145549 247.0 19909.0743282 16544.8919379 248.0 19937.9583274 17048.3032464 247.500165112 19984 18544 19960 17156 1009.0 19966.5829994 17536.7167967 15.0 19907.7456005 16528.9472058 16.0
19909.0743282 16544.8919379 248.0 19822.5577212 15539.6179566 249.0 19865.8160247 16042.2549473 248.499999888 19960 17156 19848 15812 1009.0000000000001 19907.7456005 16528.9472058 16.0 19820.9766912 15522.6916356 17.0
19822.5577212 15539.6179566 249.0 19728.7189414 14534.9910192 250.0 19775.6383313 15037.3044879 249.5 19848 15812 19848 15812 1009.0000000000001 19820.9766912 15522.6916356 17.0 19727.0449096 14517.0690322 18.0
19728.7189414 14534.9910192 250.0 19553.8496842 13541.9910218 251.0 19641.2843128 14038.4910205 250.499994253 19848 15812 19712 14356 1009.0000000000001 19727.0449096 14517.0690322 18.0 19550.2260134 13523.3397749 19.0
19315.0786987 12702.0996396 252.0 18705.8974974 12978.609799 253.0 19010.4880981 12840.3547193 252.500519979 19392 12672 18840 12888 672.0 19331.8410688 12695.5404514 18.0 18719.9835099 12969.092223 17.0
18705.8974974 12978.609799 253.0 18149.0857105 13354.8339794 254.0 18427.491604 13166.7218892 253.5 18840 12888 18840 12888 672.0 18719.9835099 12969.092223 17.0 18162.343134 13345.8762608 16.0
18149.0857105 13354.8339794 254.0 17517.2444788 13577.3955444 255.0 17833.1650946 13466.1147619 254.499201689 18840 12888 18100 13388 672.0 18162.343134 13345.8762608 16.0 17533.412058 13572.1410812 17.0
17517.2444788 13577.3955444 255.0 16896.4099564 13832.0370599 256.0 17206.8272176 13704.7163021 255.500322955 18100 13388 17300 13648 672.0 17533.412058 13572.1410812 17.0 16912.787567 13824.5688694 18.0
16896.4099564 13832.0370599 256.0 16261.9197279 14051.6996807 257.0 16579.1648421 13941.8683703 256.499787604 17300 13648 16800 13876 672.0 16912.787567 13824.5688694 18.0 16278.0800206 14046.4228504 17.0
16158.5774659 14483.6340977 258.0 16320.4532931 14732.3152387 259.0 16239.5153795 14607.9746682 258.501595603 16143 14464 16305 14696 298.0 16147.3898945 14497.7350992 18.0 16313.013745 14749.7981768 19.0
16320.4532931 14732.3152387 259.0 16526.0806258 14747.5896086 260.0 16423.2669594 14739.9524237 259.572040916 16305 14696 16365 14837 298.0 16313.013745 14749.7981768 19.0 16543.5674038 14757.2959259 20.0
16526.0806258 14747.5896086 260.0 16768.3604982 14581.6232029 261.0 16647.220562 14664.6064057 260.503669945 16365 14837 16745 14619 298.0 16543.5674038 14757.2959259 20.0 16778.4304781 14597.7351707 19.0
16768.3604982 14581.6232029 261.0 16853.4523229 14296.5264053 262.0 16810.9064105 14439.0748041 261.499834279 16745 14619 16839 14350 298.0 16778.4304781 14597.7351707 19.0 16858.1486854 14313.9029463 18.0
16853.4523229 14296.5264053 262.0 17081.4151996 14338.1056929 263.0 16967.4337612 14317.3160491 262.514598798 16839 14350 17081 14335 298.0 16858.1486854 14313.9029463 18.0 17078.8974924 14356.9381423 19.0
17081.4151996 14338.1056929 263.0 17026.0237936 14293.6169717 265.0 17053.7194966 14315.8613323 264.494382099 17081 14335 17030 14295 298.0 17078.8974924 14356.9381423 19.0 17009.0228512 14287.7036004 18.0
17026.0237936 14293.6169717 265.0 16834.3362753 14366.1044243 266.0 16930.1800344 14329.860698 265.525758781 17030 14295 16839 14350 298.0 17009.0228512 14287.7036004 18.0 16839.6213839 14347.8542838 19.0
16834.3362753 14366.1044243 266.0 16720.9339337 14633.4710987 267.0 16777.6351045 14499.7877615 266.502544045 16839 14350 16745 14619 298.0 16839.6213839 14347.8542838 19.0 16738.0738997 14623.1647139 20.0
16720.9339337 14633.4710987 267.0 16462.9898056 14782.6091828 268.0 16591.9618696 14708.0401407 267.50002365 16745 14619 16592 14711 298.0 16738.0738997 14623.1647139 20.0 16479.6022447 14773.3881814 19.0
16462.9898056 14782.6091828 268.0 16186.1776843 14881.7965789 269.0 16324.5837449 14832.2028809 268.496745931 16592 14711 16275 14872 298.0 16479.6022447 14773.3881814 19.0 16204.06919 14879.8232511 18.0
16186.1776843 14881.7965789 269.0 15904.5414849 14966.8704512 270.0 16045.3595846 14924.3335151 269.498767796 16275 14872 16073 14892 298.0 16204.06919 14879.8232511 18.0 15921.9039043 14959.1538203 19.0
15519.5102561 15176.8152668 271.0 14974.7493573 15570.2012347 272.0 15247.1298067 15373.5082507 271.499974609 15733 15033 15072 15498 672.0 15536.0976821 15165.6413104 20.0 14990.0046512 15558.8753347 19.0
14974.7493573 15570.2012347 272.0 14429.2360128 15944.4611997 273.0 14701.9926851 15757.3312172 272.496265192 15072 15498 14556 15856 672.0 14990.0046512 15558.8753347 19.0 14443.997139 15934.1602699 18.0
14429.2360128 15944.4611997 273.0 13787.4309102 16107.1991079 274.0 14108.3334615 16025.8301538 273.505922621 14556 15856 14067 16065 672.0 14443.997139 15934.1602699 18.0 13804.2404946 16104.6618121 17.0
13787.4309102 16107.1991079 274.0 13154.3284823 16314.6429028 275.0 13470.8796962 16210.9210053 274.499180355 14067 16065 13265 16258 672.0 13804.2404946 16104.6618121 17.0 13168.5713952 16307.353223 16.0
13154.3284823 16314.6429028 275.0 12576.3642993 16634.1351003 276.0 12865.3463908 16474.3890015 275.495938245 13265 16258 12608 16620 672.0 13168.5713952 16307.353223 16.0 12591.8854474 16627.2001192 17.0
11984.1727131 16786.3156299 277.0 11742.2586011 17117.3001137 278.0 11863.2156571 16951.8078718 277.483836569 12020 16774 11748 17084 448.0 11999.3036987 16781.1143536 16.0 11745.1470187 17100.5472917 17.0
11742.2586011 17117.3001137 278.0 11785.7006601 17547.5039389 279.0 11763.9796306 17332.4020263 278.506951475 11748 17084 11729 17450 448.0 11745.1470187 17100.5472917 17.0 11777.6574263 17561.3352942 16.0
11785.7006601 17547.5039389 279.0 11999.4307577 17941.1710626 280.0 11892.5657089 17744.3375007 279.499965976 11729 17450 11836 17634 448.0 11777.6574263 17561.3352942 16.0 11991.4457417 17956.1790444 17.0
11999.4307577 17941.1710626 280.0 12298.585509 18214.7239224 281.0 12149.0081333 18077.9474925 280.500517472 11836 17634 12218 18111 448.0 11991.4457417 17956.1790444 17.0 12288.7691892 18227.3587895 16.0
12621.4752513 18467.2892795 282.0 13230.7730586 18672.8338497 283.0 12926.1241549 18570.0615646 282.5016081 12292 18433 13143 18577 672.0 12604.5665742 18469.0490061 17.0 13219.9664589 18684.6328922 16.0
13230.7730586 18672.8338497 283.0 13496.6220529 19256.0 284.0 13363.6975557 18964.4169248 283.501472021 13143 18577 13454 19256 672.0 13219.9664589 18684.6328922 16.0 13496.6220529 19271.0 15.0
13496.6220529 19256.0 284.0 14108.726158 18996.1337213 285.0 13802.6741054 19126.0668607 284.501142197 13454 19256 13853 19105 672.0 13496.6220529 19271.0 15.0 14123.4476647 19002.400877 16.0
14300.2008403 19189.1099799 286.0 14554.8992553 19318.6250166 287.0 14427.5500478 19253.8674983 286.504974336 14203 18956 14445 19289 298.0 14294.4279822 19202.9546218 15.0 14539.4507009 19322.7894095 16.0
14554.8992553 19318.6250166 287.0 14844.0665107 19390.4563732 288.0 14699.482883 19354.5406949 287.499960717 14445 19289 14737 19365 298.0 14539.4507009 19322.7894095 16.0 14829.4733232 19393.9260821 15.0
14844.0665107 19390.4563732 288.0 15101.1052814 19537.8043299 289.0 14972.585896 19464.1303515 288.49784041 14737 19365 14924 19427 298.0 14829.4733232 19393.9260821 15.0 15089.2367258 19545.2297852 14.0
15101.1052814 19537.8043299 289.0 15368.4585155 19667.9239574 290.0 15234.7818984 19602.8641436 289.500228349 14924 19427 15343 19653 298.0 15089.2367258 19545.2297852 14.0 15355.5180459 19675.5097498 15.0
15368.4585155 19667.9239574 290.0 15621.9084928 19781.8435609 291.0 15495.1835041 19724.8837591 290.504909617 15343 19653 15609 19801 298.0 15355.5180459 19675.5097498 15.0 15630.8495378 19795.112235 16.0
15621.9084928 19781.8435609 291.0 15788.4354567 19534.7145049 292.0 15705.1719747 19658.2790329 291.5 15609 19801 15609 19801 298.0 15630.8495378 19795.112235 16.0 15797.935317 19548.8124712 17.0
15788.4354567 19534.7145049 292.0 16025.7770552 19587.8201043 293.0 15907.1062559 19561.2673046 292.469483452 15609 19801 15828 19476 298.00000000000006 15797.935317 19548.8124712 17.0 16010.1080466 19596.6791206 18.0
16025.7770552 19587.8201043 293.0 16284.4418115 19735.7597883 294.0 16155.1094333 19661.7899463 293.500011513 15828 19476 16282 19734 298.0 16010.1080466 19596.6791206 18.0 16269.0277014 19746.868578 19.0
16284.4418115 19735.7597883 294.0 16526.1999599 19909.9923849 295.0 16405.3208857 19822.8760866 294.5 16282 19734 16282 19734 298.0 16269.0277014 19746.868578 19.0 16509.9745808 19921.6858477 20.0
16526.1999599 19909.9923849 295.0 16330.2418517 19768.7674034 296.0 16428.2209058 19839.3798941 295.499462866 16282 19734 16572 19943 298.0 16509.9745808 19921.6858477 20.0 16314.8277415 19757.6586137 19.0
16330.2418517 19768.7674034 296.0 16074.921 19615.6053346 298.0 16202.5814258 19692.186369 296.791701197 16572 19943 16088 19623 298.00000000000006 16314.8277415 19757.6586137 19.0 16059.2519914 19606.7463182 18.0
16074.921 19615.6053346 298.0 15819.9832729 19487.8969695 299.0 15947.4521364 19551.751152 298.490220722 16088 19623 15828 19476 298.0 16059.2519914 19606.7463182 18.0 15829.4831332 19473.7990032 17.0
15819.9832729 19487.8969695 299.0 15653.456309 19735.0260254 300.0 15736.7197909 19611.4614975 299.5 15828 19476 15828 19476 298.0 15829.4831332 19473.7990032 17.0 15663.5149847 19720.098767 18.0
