13329.5815367 26304.3748602 7.0 13276.5784128 26330.291415 8.0 13303.0799747 26317.3331376 7.49887789366 13357 26291 13316 26311 59.0 13318.0402409 26310.0047605 -12.8412338646 13259.0832566 26338.8528744 -19.4776558367
13276.5784128 26330.291415 8.0 13224.0821083 26357.215989 9.0 13250.3302605 26343.753702 8.51091543831 13316 26311 13269 26334 59.0 13259.0832566 26338.8528744 -19.4776558367 13208.9076241 26365.0589808 -17.0814956049
13224.0821083 26357.215989 9.0 13171.6632015 26384.2947144 10.0 13197.8726549 26370.7553517 9.52426304777 13269 26334 13180 26380 59.00000000000001 13208.9076241 26365.0589808 -17.0814956049 13156.7376811 26391.9836188 -16.7895923533
13171.6632015 26384.2947144 10.0 13119.2137026 26411.3141532 11.0 13145.4384521 26397.8044338 10.4802267731 13180 26380 13180 26380 59.00000000000001 13156.7376811 26391.9836188 -16.7895923533 13098.6021057 26421.9322486 -23.1858119888
13119.2137026 26411.3141532 11.0 13066.5669373 26437.9467889 12.0 13092.89032 26424.6304711 11.5171431658 13180 26380 13114 26414 59.0 13098.6021057 26421.9322486 -23.1858119888 13054.8839187 26443.8450119 -13.0874732616
13066.5669373 26437.9467889 12.0 13013.8983984 26464.5367309 13.0 13040.2326679 26451.2417599 12.4847798109 13114 26414 13114 26414 59.0 13054.8839187 26443.8450119 -13.0874732616 13003.6660315 26469.702586 -11.4624339079
12904.3009718 26452.8793576 15.0 12855.8736107 26419.2007475 16.0 12880.0872913 26436.0400526 15.4867746471 12919 26463 12858 26421 59.0 12923.312598 26465.9693298 -23.0822291587 12866.0155362 26427.7823768 -13.2854436645
12855.8736107 26419.2007475 16.0 12810.8338199 26381.0901553 17.0 12833.3537153 26400.1454514 16.4774148233 12858 26421 12858 26421 59.0 12866.0155362 26427.7823768 -13.2854436645 12820.7232698 26389.4581514 -12.9547126073
12810.8338199 26381.0901553 17.0 12765.7940291 26342.9795631 18.0 12788.3139245 26362.0348592 17.4976751756 12858 26421 12858 26421 59.0 12820.7232698 26389.4581514 -12.9547126073 12779.0850818 26354.2258384 -17.4106516881
12657.8172181 26326.091391 20.0 12605.0460138 26352.4769931 21.0 12631.4316159 26339.284192 20.4978992498 12676 26317 12676 26317 58.99999999999999 12643.0759275 26333.4620363 -16.4812639075 12592.1296339 26358.935183 -14.4409516868
12649.2930616 26455.9683157 23.0 12675.1771167 26508.9873282 24.0 12662.2350891 26482.477822 23.505734299 12600 26355 12600 26355 59.00000000000001 12654.2442648 26445.8266317 -11.2857506435 12679.801616 26499.5148407 -10.5410632364
12675.1771167 26508.9873282 24.0 12701.0611718 26562.0063408 25.0 12688.1191443 26535.4968345 24.5141939788 12600 26355 12600 26355 59.00000000000001 12679.801616 26499.5148407 -10.5410632364 12709.1441131 26545.4498328 -18.4242203582
12701.0611718 26562.0063408 25.0 12726.9452269 26615.0253533 26.0 12714.0031994 26588.5158471 25.5353719467 12600 26355 12600 26355 59.00000000000001 12709.1441131 26545.4498328 -18.4242203582 12733.5668998 26601.462001 -15.0934117396
12726.9452269 26615.0253533 26.0 12752.8292821 26668.0443659 27.0 12739.8872545 26641.5348596 26.5308895041 12600 26355 12600 26355 59.00000000000001 12733.5668998 26601.462001 -15.0934117396 12761.3969271 26650.495026 -19.5290520239
12752.8292821 26668.0443659 27.0 12778.7133372 26721.0633784 28.0 12765.7713096 26694.5538721 27.4808482611 12600 26355 12600 26355 59.00000000000001 12761.3969271 26650.495026 -19.5290520239 12785.0902248 26708.0014264 -14.5354492804
12778.7133372 26721.0633784 28.0 12804.5973923 26774.0823909 29.0 12791.6553647 26747.5728847 28.5065255372 12600 26355 12600 26355 59.00000000000001 12785.0902248 26708.0014264 -14.5354492804 12809.4834075 26764.0742333 -11.1371613726
12804.5973923 26774.0823909 29.0 12830.4814474 26827.1014035 30.0 12817.5394199 26800.5918972 29.5384546263 12600 26355 12600 26355 59.00000000000001 12809.4834075 26764.0742333 -11.1371613726 12838.2909603 26811.1049662 -17.800968969
12830.4814474 26827.1014035 30.0 12856.3655026 26880.120416 31.0 12843.423475 26853.6109097 30.4652398294 12600 26355 12600 26355 59.00000000000001 12838.2909603 26811.1049662 -17.800968969 12861.216598 26870.1837856 -11.0575653657
12844.9883322 26991.9084113 33.0 12829.1063503 27048.7306134 34.0 12837.0473413 27020.3195124 33.4882916185 12869 26906 12869 26906 59.00000000000001 12841.7140486 27003.6230707 -12.1636416645 12825.645169 27061.1139508 -12.8579477635
12829.1063503 27048.7306134 34.0 12813.2243683 27105.5528155 35.0 12821.1653593 27077.1417145 34.5177808032 12869 26906 12869 26906 59.00000000000001 12825.645169 27061.1139508 -12.8579477635 12809.9810552 27117.1566691 -12.0485890264
12813.2243683 27105.5528155 35.0 12797.3423864 27162.3750176 36.0 12805.2833774 27133.9639165 35.5022103513 12869 26906 12869 26906 59.00000000000001 12809.9810552 27117.1566691 -12.0485890264 12792.5813984 27179.4087748 -17.686602039
12797.3423864 27162.3750176 36.0 12781.4604044 27219.1972197 37.0 12789.4013954 27190.7861186 36.4375906151 12869 26906 12869 26906 59.00000000000001 12792.5813984 27179.4087748 -17.686602039 12778.5728902 27229.5281039 -10.7268311683
12781.4604044 27219.1972197 37.0 12765.5784225 27276.0194217 38.0 12773.5194135 27247.6083207 37.4885205556 12869 26906 12869 26906 59.00000000000001 12778.5728902 27229.5281039 -10.7268311683 12762.3451644 27287.5873006 -12.0112355149
12765.5784225 27276.0194217 38.0 12749.6964405 27332.8416238 39.0 12757.6374315 27304.4305228 38.5096645834 12869 26906 12869 26906 59.00000000000001 12762.3451644 27287.5873006 -12.0112355149 12744.8972246 27350.0121518 -17.8286147866
12749.6964405 27332.8416238 39.0 12733.6580273 27389.5984523 40.0 12741.6772339 27361.220038 39.5060840397 12869 26906 12734 27389 59.0 12744.8972246 27350.0121518 -17.8286147866 12721.9822162 27410.0311216 -23.5333495862
12733.6580273 27389.5984523 40.0 12704.3858299 27440.8247976 41.0 12719.0219286 27415.211625 40.495646881 12734 27389 12734 27389 59.0 12721.9822162 27410.0311216 -23.5333495862 12696.7813657 27454.13261 -15.327287601
12704.3858299 27440.8247976 41.0 12674.2889656 27491.5660568 42.0 12689.3373978 27466.1954272 41.4836771093 12734 27389 12694 27459 59.0 12696.7813657 27454.13261 -15.327287601 12666.9605079 27503.6739435 -14.1529930788
12674.2889656 27491.5660568 42.0 12644.1598086 27542.292823 43.0 12659.2243871 27516.9294399 42.4845276934 12694 27459 12671 27497 59.0 12666.9605079 27503.6739435 -14.1529930788 12637.9987468 27552.6896149 -12.0851960151
12644.1598086 27542.292823 43.0 12614.0814675 27593.0500235 44.0 12629.1206381 27567.6714233 43.5026209869 12671 27497 12671 27497 59.0 12637.9987468 27552.6896149 -12.0851960151 12606.8508579 27605.2516773 -14.1831615668
12614.0814675 27593.0500235 44.0 12584.3362605 27644.0027145 45.0 12599.208864 27618.526369 44.5169630841 12671 27497 12607 27605 59.0 12606.8508579 27605.2516773 -14.1831615668 12577.1435186 27656.3809214 -14.3162684889
12625.1429818 27726.6589782 47.0 12671.676628 27762.9304515 48.0 12648.4098049 27744.7947148 47.4916266018 12564 27679 12564 27679 59.0 12637.4454036 27717.069638 -15.5982379748 12679.9170376 27756.5073185 -10.4480136414
12671.676628 27762.9304515 48.0 12718.2102742 27799.2019247 49.0 12694.9434511 27781.0661881 48.523403926 12564 27679 12564 27679 59.0 12679.9170376 27756.5073185 -10.4480136414 12729.5060281 27790.3972496 -14.3218840024
12718.2102742 27799.2019247 49.0 12764.7439204 27835.473398 50.0 12741.4770973 27817.3376614 49.4900070618 12564 27679 12564 27679 59.0 12729.5060281 27790.3972496 -14.3218840024 12772.6921579 27829.2780037 -10.077568618
12764.7439204 27835.473398 50.0 12811.2775665 27871.7448713 51.0 12788.0107435 27853.6091346 50.5062726061 12564 27679 12564 27679 59.0 12772.6921579 27829.2780037 -10.077568618 12830.2015189 27856.994262 -23.9936751379
12811.2775665 27871.7448713 51.0 12857.8112127 27908.0163445 52.0 12834.5443896 27889.8806079 51.4843892884 12564 27679 12564 27679 59.0 12830.2015189 27856.994262 -23.9936751379 12868.4961275 27899.6877988 -13.5474011083
12857.8112127 27908.0163445 52.0 12904.3448589 27944.2878178 53.0 12881.0780358 27926.1520812 52.506846332 12564 27679 12564 27679 59.0 12868.4961275 27899.6877988 -13.5474011083 12918.3960963 27933.3353323 -17.8155609094
12904.3448589 27944.2878178 53.0 12950.8785051 27980.559291 54.0 12927.611682 27962.4235544 53.4902508433 12564 27679 12564 27679 59.0 12918.3960963 27933.3353323 -17.8155609094 12966.8362384 27968.1207537 -20.2328066617
12950.8785051 27980.559291 54.0 12997.4121513 28016.8307643 55.0 12974.1453282 27998.6950277 54.4846856764 12564 27679 12564 27679 59.0 12966.8362384 27968.1207537 -20.2328066617 13005.9621992 28010.1662783 -10.8406039514
12997.4121513 28016.8307643 55.0 13043.9457975 28053.1022376 56.0 13020.6789744 28034.9665009 55.4742040574 12564 27679 12564 27679 59.0 13005.9621992 28010.1662783 -10.8406039514 13058.0694447 28042.093311 -17.9073693421
13043.9457975 28053.1022376 56.0 13090.4766109 28089.3773169 57.0 13067.2112042 28071.2397773 56.4932916515 12564 27679 13090 28089 58.99999999999999 13058.0694447 28042.093311 -17.9073693421 13107.9299371 28075.5601004 -22.2605945355
13090.4766109 28089.3773169 57.0 13136.7353145 28125.9987907 58.0 13113.6059627 28107.6880538 57.4843044581 13090 28089 13090 28089 58.99999999999999 13107.9299371 28075.5601004 -22.2605945355 13153.4797437 28112.7427842 -21.3564419846
13136.7353145 28125.9987907 58.0 13182.9940182 28162.6202644 59.0 13159.8646663 28144.3095275 58.4767734145 13090 28089 13090 28089 58.99999999999999 13153.4797437 28112.7427842 -21.3564419846 13193.147868 28154.5817999 -12.9505821706
14995.3560973 21290.1485289 162.0 14979.0736799 21346.7952346 163.0 14987.2148886 21318.4718818 162.514808968 15013 21236 14984 21325 59.0 14989.525543 21308.0422992 -18.8197337146 14976.4714864 21358.3079691 -11.8031549323
14979.0736799 21346.7952346 163.0 14966.0661906 21404.3435206 164.0 14972.5699352 21375.5693776 163.471728239 14984 21325 14984 21325 59.0 14976.4714864 21358.3079691 -11.8031549323 14962.5299907 21419.9885258 -16.0396663942
14966.0661906 21404.3435206 164.0 14953.0587013 21461.8918066 165.0 14959.5624459 21433.1176636 164.525966987 14984 21325 14984 21325 59.0 14962.5299907 21419.9885258 -16.0396663942 14949.7929866 21476.34012 -14.8127867655
14953.0587013 21461.8918066 165.0 14943.7220941 21520.125865 166.0 14948.3903977 21491.0088358 165.501728999 14984 21325 14951 21471 59.0 14949.7929866 21476.34012 -14.8127867655 14941.1310615 21537.6153349 -17.6803564861
14943.7220941 21520.125865 166.0 14935.0757231 21578.4888693 167.0 14939.3989086 21549.3073672 166.49106811 14951 21471 14951 21471 59.0 14941.1310615 21537.6153349 -17.6803564861 14931.8028632 21600.5806731 -22.3329220153
14935.0757231 21578.4888693 167.0 14935.0 21637.4832906 168.0 14935.0378615 21607.98608 167.507711324 14951 21471 14935 21619 59.0 14931.8028632 21600.5806731 -22.3329220153 14946.6831351 21637.4832906 -11.6831350658
14935.0 21637.4832906 168.0 14935.0 21696.4832906 169.0 14935.0 21666.9832906 168.512634163 14935 21619 14935 21619 59.0 14946.6831351 21637.4832906 -11.6831350658 14956.2600977 21696.4832906 -21.2600977357
14935.0 21696.4832906 169.0 14936.465891 21755.417979 170.0 14935.7329455 21725.9506348 169.507256695 14935 21619 14935 21739 59.0 14956.2600977 21696.4832906 -21.2600977357 14938.3270396 21734.5731142 -20.9277867963
14936.465891 21755.417979 170.0 14941.7128753 21814.1842036 171.0 14939.0893832 21784.8010913 170.513074311 14935 21739 14935 21739 59.0 14938.3270396 21734.5731142 -20.9277867963 14943.3657631 21795.67186 -18.5859867424
14941.7128753 21814.1842036 171.0 14947.9878468 21872.8342648 172.0 14944.850361 21843.5092342 171.478919063 14935 21739 14945 21851 59.0 14943.3657631 21795.67186 -18.5859867424 14950.4394686 21854.9185666 -18.0826628071
14947.9878468 21872.8342648 172.0 14955.9869834 21931.289494 173.0 14951.9874151 21902.0618794 172.508548616 14945 21851 14945 21851 59.0 14950.4394686 21854.9185666 -18.0826628071 14958.2735604 21914.579893 -16.8653253506
14955.9869834 21931.289494 173.0 14964.6332823 21989.6512771 174.0 14960.3101328 21960.4703856 173.503841999 14945 21851 14958 21946 59.0 14958.2735604 21914.579893 -16.8653253506 14968.2420094 21965.9035246 -24.0203801471
14964.6332823 21989.6512771 174.0 14973.4972094 22047.9816363 175.0 14969.0652459 22018.8164567 174.511412958 14958 21946 14958 21946 59.0 14968.2420094 21965.9035246 -24.0203801471 14975.3087106 22036.0607897 -12.0576995643
14973.4972094 22047.9816363 175.0 14982.3611366 22106.3119954 176.0 14977.929173 22077.1468158 175.491434515 14958 21946 14958 21946 59.0 14975.3087106 22036.0607897 -12.0576995643 14985.0255681 22088.7783168 -17.7349677508
15059.4844105 22171.9073168 178.0 15115.8257575 22189.4188165 179.0 15087.655084 22180.6630667 178.501011273 14989 22150 14989 22150 59.00000000000001 15072.3664555 22167.903438 -13.4899269004 15134.3019219 22183.6762249 -19.3480234141
14976.8284564 22069.9033907 184.0 14967.9645293 22011.5730315 185.0 14972.3964929 22040.7382111 184.472152265 14989 22150 14989 22150 59.0 14979.0573071 22084.5706658 -14.8356575778 14970.1169375 22025.7372663 -14.3268421839
14967.9645293 22011.5730315 185.0 14959.1006022 21953.2426724 186.0 14963.5325657 21982.407852 185.496188946 14989 22150 14989 22150 59.0 14970.1169375 22025.7372663 -14.3268421839 14961.9249011 21971.8283814 -18.7990755614
14959.1006022 21953.2426724 186.0 14950.9940876 21894.8029479 187.0 14955.0473449 21924.0228102 186.485187291 14989 22150 14958 21946 59.0 14961.9249011 21971.8283814 -18.7990755614 14953.4580829 21912.8090673 -18.1739265376
14950.9940876 21894.8029479 187.0 14943.6848005 21836.2697652 188.0 14947.339444 21865.5363566 187.520216363 14958 21946 14945 21851 59.0 14953.4580829 21912.8090673 -18.1739265376 14945.2766043 21854.0979683 -17.8991246681
14943.6848005 21836.2697652 188.0 14938.4378161 21777.5035406 189.0 14941.0613083 21806.8866529 188.521727609 14945 21851 14945 21851 59.0 14945.2766043 21854.0979683 -17.8991246681 14939.8991919 21793.8709493 -16.4325191764
14938.4378161 21777.5035406 189.0 14935.0 21718.6567099 190.0 14936.7189081 21748.0801253 189.516137279 14945 21851 14935 21739 59.0 14939.8991919 21793.8709493 -16.4325191764 14915.9462847 21718.6567099 -19.0537152779
14935.0 21718.6567099 190.0 14935.0 21659.6567099 191.0 14935.0 21689.1567099 190.466757515 14935 21739 14935 21739 59.0 14915.9462847 21718.6567099 -19.0537152779 14912.6845671 21659.6567099 -22.315432914
14935.0 21659.6567099 191.0 14935.0 21600.6567099 192.0 14935.0 21630.1567099 191.524964159 14935 21739 14935 21619 59.0 14912.6845671 21659.6567099 -22.315432914 14911.9717195 21600.6567099 -23.0282804802
14935.0 21600.6567099 192.0 14940.4726092 21542.0598881 193.0 14937.7363046 21571.358299 192.49149558 14935 21619 14935 21579 59.0 14911.9717195 21600.6567099 -23.0282804802 14938.2470107 21527.0370982 -15.186754317
14940.4726092 21542.0598881 193.0 14949.1189802 21483.6968839 194.0 14944.7957947 21512.878386 193.506356934 14935 21579 14935 21579 59.0 14938.2470107 21527.0370982 -15.186754317 14946.6229965 21466.8489941 -17.0317739636
14949.1189802 21483.6968839 194.0 14961.1777073 21425.9713557 195.0 14955.1483437 21454.8341198 194.503390697 14935 21579 14951 21471 59.0 14946.6229965 21466.8489941 -17.0317739636 14958.2134187 21412.8566246 -13.4455635367
14961.1777073 21425.9713557 195.0 14974.1851966 21368.4230697 196.0 14967.6814519 21397.1972127 195.508165314 14951 21471 14951 21471 59.0 14958.2134187 21412.8566246 -13.4455635367 14968.8911392 21345.0008765 -24.0130418588
14974.1851966 21368.4230697 196.0 14988.4865354 21311.2309776 197.0 14981.335866 21339.8270237 196.508226179 14951 21471 14984 21325 59.0 14968.8911392 21345.0008765 -24.0130418588 14984.5334094 21299.0989703 -12.7598121182
14988.4865354 21311.2309776 197.0 15006.765365 21255.1338797 198.0 14997.6259502 21283.1824287 197.505989506 14984 21325 14984 21325 59.0 14984.5334094 21299.0989703 -12.7598121182 15000.5446472 21236.0427112 -20.0790947279
16625.6226009 22030.4693433 212.0 16667.8746486 21989.2896826 213.0 16646.7486247 22009.879513 212.45626287 16622 22034 16622 22034 59.0 16610.8750374 22016.0960835 -20.5932325353 16660.2014817 21981.8112661 -10.7146723049
16667.8746486 21989.2896826 213.0 16710.1266964 21948.1100218 214.0 16689.0006725 21968.6998522 213.514000529 16622 22034 16622 22034 59.0 16660.2014817 21981.8112661 -10.7146723049 16697.0972864 21935.4113075 -18.1940338466
16710.1266964 21948.1100218 214.0 16752.3787441 21906.9303611 215.0 16731.2527202 21927.5201914 214.494340611 16622 22034 16622 22034 59.0 16697.0972864 21935.4113075 -18.1940338466 16740.0151244 21894.8805388 -17.2643363158
16752.3787441 21906.9303611 215.0 16794.6307919 21865.7507003 216.0 16773.504768 21886.3405307 215.484780866 16622 22034 16622 22034 59.0 16740.0151244 21894.8805388 -17.2643363158 16780.602314 21852.0782751 -19.5891144075
16794.6307919 21865.7507003 216.0 16836.9156269 21824.604744 217.0 16815.7732094 21845.1777222 216.49290072 16622 22034 16819 21842 59.0 16780.602314 21852.0782751 -19.5891144075 16819.2643652 21807.4661746 -24.6027966255
16836.9156269 21824.604744 217.0 16879.2451415 21783.5047174 218.0 16858.0803842 21804.0547307 217.500554279 16819 21842 16819 21842 59.0 16819.2643652 21807.4661746 -24.6027966255 16862.1760585 21766.9314169 -23.7913404752
16879.2451415 21783.5047174 218.0 16921.5746561 21742.4046907 219.0 16900.4098988 21762.954704 218.498156396 16819 21842 16819 21842 59.0 16862.1760585 21766.9314169 -23.7913404752 16913.8795938 21734.9331364 -10.7255819256
16921.5746561 21742.4046907 219.0 16963.9041708 21701.3046641 220.0 16942.7394135 21721.8546774 219.500393081 16819 21842 16819 21842 59.0 16913.8795938 21734.9331364 -10.7255819256 16954.7239768 21692.3911147 -12.7955977892
16963.9041708 21701.3046641 220.0 17006.2336854 21660.2046374 221.0 16985.0689281 21680.7546507 220.505856787 16819 21842 16819 21842 59.0 16954.7239768 21692.3911147 -12.7955977892 16998.971058 21653.1529577 -10.1228426261
17006.2336854 21660.2046374 221.0 17048.5632 21619.1046108 222.0 17027.3984427 21639.6546241 221.460758648 16819 21842 16819 21842 59.0 16998.971058 21653.1529577 -10.1228426261 17032.3588103 21603.3708879 -22.5861081158
17048.5632 21619.1046108 222.0 17090.8927147 21578.0045841 223.0 17069.7279574 21598.5545974 222.519569033 16819 21842 16819 21842 59.0 17032.3588103 21603.3708879 -22.5861081158 17082.087989 21569.4555974 -12.2722600596
17090.8927147 21578.0045841 223.0 17133.2222293 21536.9045574 224.0 17112.057472 21557.4545708 223.493926559 16819 21842 16819 21842 59.0 17082.087989 21569.4555974 -12.2722600596 17115.3234808 21519.5256896 -24.9477502826
17133.2222293 21536.9045574 224.0 17175.5517439 21495.8045308 225.0 17154.3869866 21516.3545441 224.511406988 16819 21842 16819 21842 59.0 17115.3234808 21519.5256896 -24.9477502826 17165.2772861 21485.8285011 -14.3208118529
17175.5517439 21495.8045308 225.0 17217.8812586 21454.7045041 226.0 17196.7165012 21475.2545175 225.490407996 16819 21842 16819 21842 59.0 17165.2772861 21485.8285011 -14.3208118529 17206.5313431 21443.6842543 -15.8198131079
17217.8812586 21454.7045041 226.0 17260.2107732 21413.6044775 227.0 17239.0460159 21434.1544908 226.494572349 16819 21842 16819 21842 59.0 17206.5313431 21443.6842543 -15.8198131079 17245.3738317 21399.1984845 -20.6801225562
17379.057906 21462.4927303 229.0 17418.086859 21506.7390954 230.0 17398.5723825 21484.6159128 229.510736064 17301 21374 17301 21374 59.0 17385.8296558 21454.8157293 -10.2368422373 17425.8040003 21497.9903224 -11.6659889503
17418.086859 21506.7390954 230.0 17457.115812 21550.9854605 231.0 17437.6013355 21528.862278 230.468324014 17301 21374 17301 21374 59.0 17425.8040003 21497.9903224 -11.6659889503 17467.7296747 21538.9527308 -16.0449575827
17457.115812 21550.9854605 231.0 17496.144765 21595.2318256 232.0 17476.6302885 21573.1086431 231.478738818 17301 21374 17301 21374 59.0 17467.7296747 21538.9527308 -16.0449575827 17507.1427169 21582.7636614 -16.6255846488
17496.144765 21595.2318256 232.0 17535.173718 21639.4781908 233.0 17515.6592415 21617.3550082 232.488866501 17301 21374 17301 21374 59.0 17507.1427169 21582.7636614 -16.6255846488 17542.757228 21630.880913 -11.4639787896
17535.173718 21639.4781908 233.0 17574.2026711 21683.7245559 234.0 17554.6881946 21661.6013733 233.500106643 17301 21374 17301 21374 59.0 17542.757228 21630.880913 -11.4639787896 17587.3173289 21668.8567234 -19.8254052646
17574.2026711 21683.7245559 234.0 17613.2316241 21727.970921 235.0 17593.7171476 21705.8477385 234.468130716 17301 21374 17301 21374 59.0 17587.3173289 21668.8567234 -19.8254052646 17624.8372863 21714.8138074 -17.5442593215
17613.2316241 21727.970921 235.0 17652.2605771 21772.2172862 236.0 17632.7461006 21750.0941036 235.506022536 17301 21374 17301 21374 59.0 17624.8372863 21714.8138074 -17.5442593215 17663.8480331 21759.0808125 -17.5167370816
17652.2605771 21772.2172862 236.0 17691.2895301 21816.4636513 237.0 17671.7750536 21794.3404687 236.504408172 17301 21374 17301 21374 59.0 17663.8480331 21759.0808125 -17.5167370816 17703.8454721 21802.229224 -18.9807955227
17691.2895301 21816.4636513 237.0 17730.3184831 21860.7100164 238.0 17710.8040066 21838.5868339 237.513145467 17301 21374 17301 21374 59.0 17703.8454721 21802.229224 -18.9807955227 17740.0425357 21849.686047 -14.6998333311
17730.3184831 21860.7100164 238.0 17769.3474361 21904.9563815 239.0 17749.8329596 21882.833199 238.48433331 17301 21374 17301 21374 59.0 17740.0425357 21849.686047 -14.6998333311 17784.143389 21888.1824974 -22.3670161741
17769.3474361 21904.9563815 239.0 17808.3763891 21949.2027467 240.0 17788.8619126 21927.0795641 239.504940342 17301 21374 17301 21374 59.0 17784.143389 21888.1824974 -22.3670161741 17816.9093872 21939.5290526 -12.8993183719
17808.3763891 21949.2027467 240.0 17847.4053421 21993.4491118 241.0 17827.8908656 21971.3259292 240.479688717 17301 21374 17301 21374 59.0 17816.9093872 21939.5290526 -12.8993183719 17863.9084951 21974.7398081 -24.9477875748
17925.3661411 22082.0273461 244.0 17964.3168908 22126.3425704 245.0 17944.8415159 22104.1849583 244.537848243 17877 22027 17877 22027 58.99999999999999 17937.2717127 22068.482085 -18.0337664964 17980.572153 22107.8485595 -24.6223879535
17964.3168908 22126.3425704 245.0 18003.2676405 22170.6577946 246.0 17983.7922656 22148.5001825 245.513615346 17877 22027 17877 22027 58.99999999999999 17980.572153 22107.8485595 -24.6223879535 18019.4405196 22152.257513 -24.4975994493
