9678.69825262 11144.5172042 1.0 9518.51015282 10893.2369688 2.0 9598.60420272 11018.8770865 1.50000389135
9518.51015282 10893.2369688 2.0 9645.56206874 10717.1752625 3.0 9582.03611078 10805.2061156 2.44522013504
9645.56206874 10717.1752625 3.0 9908.297658 10576.5558104 4.0 9776.92986337 10646.8655364 3.50000013066
9908.297658 10576.5558104 4.0 10170.6148273 10435.1570303 5.0 10039.4562426 10505.8564204 4.49999980919
10170.6148273 10435.1570303 5.0 10433.4142145 10294.6578079 6.0 10302.0145209 10364.9074191 5.49999934064
10670.1064848 10127.2264265 7.0 10637.6005286 9680.40726532 8.0 10653.8535067 9903.81684592 7.5
10637.6005286 9680.40726532 8.0 10625.1839671 9233.77521621 9.0 10631.3922478 9457.09124077 8.49963801267
10625.1839671 9233.77521621 9.0 10902.6388048 9088.43199534 10.0 10763.911386 9161.10360578 9.50086897182
11245.9683674 9061.260061 11.0 11363.9517367 8801.04826334 12.0 11304.960052 8931.15416217 11.4925963063
11363.9517367 8801.04826334 12.0 11574.6695575 8590.33044254 13.0 11469.3106471 8695.68935294 12.5
11574.6695575 8590.33044254 13.0 11785.3873783 8379.61262175 14.0 11680.0284679 8484.97153214 13.5
11968.5268379 8155.20932605 15.0 12414.1490332 8190.3066853 16.0 12191.3379356 8172.75800567 15.5003205995
12727.9913278 8180.16612127 17.0 12728.4274155 8196.95549562 18.0 12728.2093716 8188.56080845 17.4981155726
13101.9246441 8227.19242196 20.0 13549.0868701 8253.96563018 21.0 13325.5057571 8240.57902607 20.4999746344
13971.4210124 8238.43587799 22.0 13609.7119472 7672.08744093 23.0 13790.5664798 7955.26165946 22.5
13609.7119472 7672.08744093 23.0 13454.092332 7022.80051915 24.0 13531.9021396 7347.44398004 23.5001814897
13454.092332 7022.80051915 24.0 13389.8715704 6354.57663919 25.0 13421.9819512 6688.68857917 24.4999985265
13389.8715704 6354.57663919 25.0 13423.6195095 5685.38705479 26.0 13406.7455399 6019.98184699 25.4994823268
13553.3305383 5497.61292335 27.0 13684.759939 5509.87312864 28.0 13619.0452387 5503.74302599 27.5
13684.759939 5509.87312864 28.0 13816.1893397 5522.13333393 29.0 13750.4746393 5516.00323128 28.5
13816.1893397 5522.13333393 29.0 13947.6187404 5534.39353921 30.0 13881.90404 5528.26343657 29.5
13947.6187404 5534.39353921 30.0 14079.0481411 5546.6537445 31.0 14013.3334407 5540.52364186 30.5
14079.0481411 5546.6537445 31.0 14210.4775418 5558.91394979 32.0 14144.7628414 5552.78384715 31.5
14210.4775418 5558.91394979 32.0 14341.276471 5576.16742635 33.0 14275.8770064 5567.54068807 32.499806675
14341.276471 5576.16742635 33.0 14471.6284335 5596.96083591 34.0 14406.4524523 5586.56413113 33.5
14471.6284335 5596.96083591 34.0 14601.980396 5617.75424547 35.0 14536.8044147 5607.35754069 34.5
14601.980396 5617.75424547 35.0 14732.3323584 5638.54765503 36.0 14667.1563772 5628.15095025 35.5
14732.3323584 5638.54765503 36.0 14862.6843209 5659.3410646 37.0 14797.5083397 5648.94435982 36.5
14862.6843209 5659.3410646 37.0 14993.0362834 5680.13447416 38.0 14927.8603021 5669.73776938 37.5
14993.0362834 5680.13447416 38.0 14880.6480375 5662.20659044 39.0 14936.8421605 5671.1705323 38.535200241
14880.6480375 5662.20659044 39.0 14750.2960751 5641.41318088 40.0 14815.4720563 5651.80988566 39.5
14750.2960751 5641.41318088 40.0 14619.9441126 5620.61977131 41.0 14685.1200938 5631.01647609 40.5
14619.9441126 5620.61977131 41.0 14489.5921501 5599.82636175 42.0 14554.7681314 5610.22306653 41.5
14489.5921501 5599.82636175 42.0 14359.2401877 5579.03295219 43.0 14424.4161689 5589.42965697 42.5
14359.2401877 5579.03295219 43.0 14228.5897394 5560.60352047 45.0 14293.9149635 5569.81823633 44.0274460189
14228.5897394 5560.60352047 45.0 14097.1603387 5548.34331518 46.0 14162.8750391 5554.47341782 45.5
14097.1603387 5548.34331518 46.0 13965.730938 5536.08310989 47.0 14031.4456384 5542.21321254 46.5
13965.730938 5536.08310989 47.0 13834.3015374 5523.8229046 48.0 13900.0162377 5529.95300725 47.5
13834.3015374 5523.8229046 48.0 13702.8721367 5511.56269932 49.0 13768.586837 5517.69280196 48.5
13702.8721367 5511.56269932 49.0 13571.442736 5499.30249403 50.0 13637.1574363 5505.43259667 49.5
13440.9356868 5594.41251136 51.0 13390.6159826 6261.97176135 52.0 13415.7758347 5928.19213635 51.500241142
13390.6159826 6261.97176135 52.0 13443.2074722 6930.83456144 53.0 13416.9117274 6596.40316139 52.5002035803
13443.2074722 6930.83456144 53.0 13571.2216363 7589.32553914 54.0 13507.2145543 7260.08005029 53.4993762533
13571.2216363 7589.32553914 54.0 13921.5741285 8160.38777929 55.0 13746.3978824 7874.85665922 54.4997963607
13921.5741285 8160.38777929 55.0 14060.8910442 8804.89788297 56.0 13991.2325863 8482.64283113 55.5034888238
14060.8910442 8804.89788297 56.0 14001.0672606 9473.73511487 57.0 14030.9791524 9139.31649892 56.5002716231
14001.0672606 9473.73511487 57.0 13902.3559439 10138.370423 58.0 13951.7116022 9806.05276891 57.5000166823
13902.3559439 10138.370423 58.0 13860.7636585 10807.6531755 59.0 13881.5598012 10473.0117992 58.5001641626
13860.7636585 10807.6531755 59.0 13860.9056811 11479.6188495 60.0 13860.8346698 11143.6360125 59.4999815404
13860.9056811 11479.6188495 60.0 13568.3723494 12082.852229 61.0 13714.6390152 11781.2355392 60.4999683064
13568.3723494 12082.852229 61.0 13311.6009869 12703.4744177 62.0 13439.9866682 12393.1633234 61.5001854334
13311.6009869 12703.4744177 62.0 13042.2838533 13318.5714693 63.0 13176.9424201 13011.0229435 62.5001610968
13042.2838533 13318.5714693 63.0 12741.9287249 13918.1672481 64.0 12892.1062891 13618.3693587 63.4993969227
12741.9287249 13918.1672481 64.0 12589.263076 14572.2235118 65.0 12665.5959004 14245.19538 64.5000291892
12370.8959945 15152.8599017 66.0 12649.6134803 15257.8865669 67.0 12510.2547374 15205.3732343 66.5000167126
12649.6134803 15257.8865669 67.0 12928.2283021 15363.3957356 68.0 12788.9208912 15310.6411513 67.5000179836
12928.2283021 15363.3957356 68.0 12756.4784945 15297.120985 70.0 12842.3533983 15330.2583603 68.6770018505
12756.4784945 15297.120985 70.0 12475.7266278 15197.2522179 71.0 12616.1025611 15247.1866015 70.5000094591
12499.2265039 14811.9049512 72.0 12679.2701777 14166.8235995 73.0 12589.2483408 14489.3642753 72.5000176347
12679.2701777 14166.8235995 73.0 12921.9897947 13545.3659888 74.0 12800.6299862 13856.0947941 73.5006671212
12921.9897947 13545.3659888 74.0 13217.2676913 12942.2323736 75.0 13069.628743 13243.7991812 74.4999396847
13217.2676913 12942.2323736 75.0 12587.952679 12730.460583 76.0 12902.6101851 12836.3464783 75.4977815886
12527.7029001 12158.5000785 77.0 12995.6894628 11264.593161 78.0 12761.6961814 11711.5466197 77.5
12995.6894628 11264.593161 78.0 13232.0036166 10283.6772851 79.0 13113.8465397 10774.135223 78.500000919
13232.0036166 10283.6772851 79.0 13409.7413363 9291.30180947 80.0 13320.8724764 9787.48954728 79.4999075737
13409.7413363 9291.30180947 80.0 13446.5374165 8288.59866329 81.0 13428.1393764 8789.95023638 80.5000414077
13014.9552356 8220.98580025 82.0 12567.6308485 8204.29394433 83.0 12791.2930421 8212.63987229 82.5002216669
12567.6308485 8204.29394433 83.0 12120.8343272 8173.23948751 84.0 12344.2325879 8188.76671592 83.5000119576
12120.8343272 8173.23948751 84.0 11693.5383907 8052.58861281 85.0 11907.1863589 8112.91405016 84.4980534207
11693.5383907 8052.58861281 85.0 11304.105559 7838.57408381 86.0 11498.8219748 7945.58134831 85.4998149846
11304.105559 7838.57408381 86.0 10995.3233462 7514.01077935 87.0 11149.7144526 7676.29243158 86.4999985235
10995.3233462 7514.01077935 87.0 10679.5983869 7196.17159037 88.0 10837.4608666 7355.09118486 87.5
10744.7292571 6953.60422946 89.0 10868.7792516 6748.31159562 90.0 10806.7542544 6850.95791254 89.5133732641
10868.7792516 6748.31159562 90.0 10619.5283004 6584.9782672 91.0 10744.153776 6666.64493141 90.4999999669
10619.5283004 6584.9782672 91.0 10540.5457347 6409.68880812 92.0 10580.0370175 6497.33353766 91.5289917736
10540.5457347 6409.68880812 92.0 10713.9684808 6173.25123695 93.0 10627.2571078 6291.47002253 92.4977358522
10713.9684808 6173.25123695 93.0 10846.3234592 5906.25812566 94.0 10780.14597 6039.7546813 93.4999999664
10846.3234592 5906.25812566 94.0 10745.5012117 6108.92255638 96.0 10795.9123354 6007.59034102 94.6729660365
10745.5012117 6108.92255638 96.0 10594.1854322 6362.19888489 97.0 10669.8433219 6235.56072063 96.498321973
10594.1854322 6362.19888489 97.0 10559.5099306 6545.85915117 98.0 10576.8476814 6454.02901803 97.4851792838
10559.5099306 6545.85915117 98.0 10808.8909595 6708.99362995 99.0 10684.200445 6627.42639056 98.4999999202
10808.8909595 6708.99362995 99.0 10794.4443599 6902.02013785 100.0 10801.6676597 6805.5068839 99.4459730441
10603.6956297 7119.76055581 101.0 10919.4205891 7437.59974478 102.0 10761.5581094 7278.6801503 101.5
10919.4205891 7437.59974478 102.0 11230.1614598 7760.26607055 103.0 11074.7910244 7598.93290767 102.500018732
11230.1614598 7760.26607055 103.0 11595.6191444 8007.97576362 104.0 11412.8903021 7884.12091708 103.500024711
11595.6191444 8007.97576362 104.0 12013.5224281 8166.60061471 105.0 11804.5707862 8087.28818916 104.499624799
12013.5224281 8166.60061471 105.0 12460.3726148 8194.51917918 106.0 12236.9475214 8180.55989694 105.500243321
12460.3726148 8194.51917918 106.0 12907.2551178 8220.23788276 107.0 12683.8138663 8207.37853097 106.500333454
12907.2551178 8220.23788276 107.0 13354.4418216 8244.13417935 108.0 13130.8484697 8232.18603106 107.499992225
13445.8065297 9051.42633731 109.0 13288.778411 10047.8435237 110.0 13367.2924703 9549.63493049 109.5000578
13288.778411 10047.8435237 110.0 13052.6180878 11028.8171735 111.0 13170.6982494 10538.3303486 110.5
13052.6180878 11028.8171735 111.0 12640.2105412 11943.5978426 112.0 12846.4143145 11486.2075081 111.501540985
12435.4805883 12677.0566528 113.0 13069.7031964 12899.1955358 114.0 12752.5918924 12788.1260943 113.5
13069.7031964 12899.1955358 114.0 13698.2408161 13133.0640549 115.0 13383.9720063 13016.1297953 114.499825746
13698.2408161 13133.0640549 115.0 14297.9886128 13432.1583471 116.0 13998.1147144 13282.611201 115.500377165
14297.9886128 13432.1583471 116.0 14844.1168895 13822.2975111 117.0 14571.0527512 13627.2279291 116.49983353
14844.1168895 13822.2975111 117.0 15447.8579843 14053.2765791 118.0 15145.9874369 13937.7870451 117.502500618
15447.8579843 14053.2765791 118.0 16115.8005872 14082.4299119 119.0 15781.8292858 14067.8532455 118.50005167
16115.8005872 14082.4299119 119.0 15997.2360304 14601.0892777 120.0 16056.5183088 14341.7595948 119.521917349
15997.2360304 14601.0892777 120.0 15603.3577166 15120.3322495 121.0 15800.2968735 14860.7107636 120.497751512
15603.3577166 15120.3322495 121.0 15055.9216642 15509.9369463 122.0 15329.6396904 15315.1345979 121.49998198
14414.1771079 15954.9246992 125.0 13769.2988732 16109.9360191 126.0 14091.7379906 16032.4303591 125.499787241
13769.2988732 16109.9360191 126.0 13138.0048285 16322.9975287 127.0 13453.6518508 16216.4667739 126.499872987
13138.0048285 16322.9975287 127.0 12559.6220633 16641.6156738 128.0 12848.8134459 16482.3066013 127.503426208
11843.0037204 17068.3220885 131.0 12110.4557812 17191.7227367 132.0 11976.7297508 17130.0224126 131.497167746
12110.4557812 17191.7227367 132.0 12092.6695216 17520.9474087 134.0 12101.5626514 17356.3350727 132.958329505
12092.6695216 17520.9474087 134.0 12143.1865446 17814.6343588 135.0 12117.9280331 17667.7908838 134.499999996
12143.1865446 17814.6343588 135.0 12211.1268979 18101.1199157 136.0 12177.1567213 17957.8771373 135.502085834
12398.5146092 18444.0852308 137.0 13064.0329319 18526.8107029 138.0 12731.2737706 18485.4479669 137.50024214
13064.0329319 18526.8107029 138.0 13415.7444473 19078.7012453 139.0 13239.8886896 18802.7559741 138.502971554
13415.7444473 19078.7012453 139.0 13902.4733953 19083.9384689 140.0 13659.1089213 19081.3198571 139.466122503
13902.4733953 19083.9384689 140.0 14520.6559552 18820.434706 141.0 14211.5646752 18952.1865874 140.499999971
14520.6559552 18820.434706 141.0 15146.5724926 18583.7066777 142.0 14833.6142239 18702.0706919 141.499488194
15146.5724926 18583.7066777 142.0 15812.3976071 18493.0510624 143.0 15479.4850498 18538.3788701 142.500027788
15812.3976071 18493.0510624 143.0 16484.0693199 18502.0406071 144.0 16148.2334635 18497.5458347 143.500028357
16484.0693199 18502.0406071 144.0 17135.6606814 18648.6995511 145.0 16809.8650006 18575.3700791 144.499590291
17135.6606814 18648.6995511 145.0 17783.9738677 18488.8664758 146.0 17459.8172746 18568.7830135 145.497328423
17783.9738677 18488.8664758 146.0 18427.497989 18295.7393973 147.0 18105.7359284 18392.3029366 146.499985592
18427.497989 18295.7393973 147.0 19086.7758935 18268.8879467 148.0 18757.1369413 18282.313672 147.502230939
19086.7758935 18268.8879467 148.0 19668.1164264 18604.7758172 149.0 19377.44616 18436.831882 148.500098212
19668.1164264 18604.7758172 149.0 20240.6844092 18956.5513354 150.0 19954.4004178 18780.6635763 149.499999267
20651.5359194 19245.6402315 151.0 20573.6635908 19352.2230651 152.0 20612.5997551 19298.9316483 151.5
20573.6635908 19352.2230651 152.0 20495.7912621 19458.8058988 153.0 20534.7274265 19405.514482 152.5
20495.7912621 19458.8058988 153.0 20437.1137216 19573.3244812 154.0 20466.4524918 19516.06519 153.506987861
20437.1137216 19573.3244812 154.0 20457.6148204 19703.719955 155.0 20447.364271 19638.5222181 154.499999156
20457.6148204 19703.719955 155.0 20478.3618119 19834.0792605 156.0 20467.9883161 19768.8996077 155.500000009
20478.3618119 19834.0792605 156.0 20498.7874887 19964.489351 157.0 20488.5746503 19899.2843057 156.5
20498.7874887 19964.489351 157.0 20481.5743232 19854.5899094 158.0 20490.1809059 19909.5396302 157.490502862
20481.5743232 19854.5899094 158.0 20460.8844749 19724.2215723 160.0 20471.229399 19789.4057408 159.21312626
20460.8844749 19724.2215723 160.0 20440.0954722 19593.8689069 161.0 20450.4899736 19659.0452396 160.5
20440.0954722 19593.8689069 161.0 20483.5436516 19475.5690425 162.0 20461.8195619 19534.7189747 161.507600746
20483.5436516 19475.5690425 162.0 20561.4159803 19368.9862088 163.0 20522.4798159 19422.2776257 162.5
20561.4159803 19368.9862088 163.0 20639.2883089 19262.4033752 164.0 20600.3521446 19315.694792 163.5
19981.7142377 19198.8655238 166.0 19975.062928 20207.8120392 167.0 19978.3885828 19703.3387815 166.499999348
19975.062928 20207.8120392 167.0 19895.267703 21213.6518485 168.0 19935.1653155 20710.7319438 167.5
19895.267703 21213.6518485 168.0 19814.0718273 22219.3713487 169.0 19854.6697652 21716.5115986 168.499996328
19814.0718273 22219.3713487 169.0 19721.1701874 23224.0853803 170.0 19767.6210074 22721.7283645 169.5
19721.1701874 23224.0853803 170.0 19615.8043865 24227.5642305 171.0 19668.487287 23725.8248054 170.500000654
19615.8043865 24227.5642305 171.0 19179.5107914 24113.8130929 172.0 19397.657589 24170.6886617 171.53499734
19179.5107914 24113.8130929 172.0 18544.9676862 23329.3157712 173.0 18862.2392388 23721.564432 172.5
17952.2164114 22637.9543001 174.0 17778.2642719 22879.914324 175.0 17865.2403416 22758.934312 174.5
17778.2642719 22879.914324 175.0 17604.3121323 23121.8743478 176.0 17691.2882021 23000.8943359 175.5
16818.6264527 22428.042773 178.0 16615.9409046 22646.4754979 179.0 16717.2836787 22537.2591355 178.499995623
16615.9409046 22646.4754979 179.0 16417.1151668 22868.4490143 180.0 16516.5280357 22757.4622561 179.49999987
16417.1151668 22868.4490143 180.0 16209.2866774 23003.5734658 181.0 16313.2009221 22936.01124 180.506684633
16018.9468924 23026.4948699 182.0 16049.309909 22995.2272192 184.0 16034.1284007 23010.8610445 182.858852927
16262.2617471 23041.7071436 185.0 16460.8476356 22819.518834 186.0 16361.5546913 22930.6129888 185.5
16460.8476356 22819.518834 186.0 16659.7689897 22597.6309452 187.0 16560.3083126 22708.5748896 186.499999899
16659.7689897 22597.6309452 187.0 16863.5782757 22380.2303795 188.0 16761.6736327 22488.9306623 187.500000288
16507.4485928 21932.5827726 189.0 15926.6775486 21601.3084363 190.0 16217.0630707 21766.9456045 189.498188549
15926.6775486 21601.3084363 190.0 15303.2411343 21350.4964537 191.0 15614.9593414 21475.902445 190.499999801
14687.373628 21116.2070524 192.0 14616.2378345 21555.0805123 193.0 14651.8057312 21335.6437824 192.498103795
14616.2378345 21555.0805123 193.0 14625.5229594 22001.7172033 194.0 14620.8803969 21778.3988578 193.500505628
14625.5229594 22001.7172033 194.0 14665.0278982 22447.9688972 195.0 14645.2754288 22224.8430502 194.499999086
14665.0278982 22447.9688972 195.0 14706.2066803 22894.0723694 196.0 14685.6172892 22671.0206333 195.5
14706.2066803 22894.0723694 196.0 14745.1007732 23340.3780573 197.0 14725.6537267 23117.2252133 196.500000056
14745.1007732 23340.3780573 197.0 14716.9846083 23782.770157 198.0 14731.0426907 23561.5741071 197.498128644
14716.9846083 23782.770157 198.0 14671.7475799 24225.3596355 199.0 14694.3660941 24004.0648962 198.500044296
14671.7475799 24225.3596355 199.0 14679.9850681 24673.2832683 200.0 14675.866324 24449.3214519 199.500000176
14679.9850681 24673.2832683 200.0 14682.0 25121.2593066 201.0 14680.992534 24897.2712874 200.499994949
14682.0 25121.2593066 201.0 14682.0 25569.2593066 202.0 14682.0 25345.2593066 201.5
14682.0 25569.2593066 202.0 14682.0 26017.2593066 203.0 14682.0 25793.2593066 202.5
14682.0 26017.2593066 203.0 14673.1842088 26464.6920844 204.0 14677.5921044 26240.9756955 203.500147304
14673.1842088 26464.6920844 204.0 14711.4525918 26911.0533875 205.0 14692.3184003 26687.8727359 204.500000727
14711.4525918 26911.0533875 205.0 14775.6760928 27353.6066677 206.0 14743.5643423 27132.3300276 205.49952611
14775.6760928 27353.6066677 206.0 14868.8954094 27791.8008701 207.0 14822.2857511 27572.7037689 206.5
14868.8954094 27791.8008701 207.0 14519.2231718 28003.9221824 208.0 14694.0592906 27897.8615263 207.506945682
14519.2231718 28003.9221824 208.0 14115.5475695 28198.1858699 209.0 14317.3853706 28101.0540262 208.499995565
14115.5475695 28198.1858699 209.0 13672.1317393 28251.6796405 210.0 13893.8396544 28224.9327552 209.499653335
13672.1317393 28251.6796405 210.0 13226.1633227 28294.2811738 211.0 13449.147531 28272.9804071 210.499999714
12860.0438426 28271.4998057 212.0 12645.8890036 28068.5112029 213.0 12752.9664231 28170.0055043 212.501622683
12645.8890036 28068.5112029 213.0 12426.9450857 27991.5751469 214.0 12536.4170446 28030.0431749 213.523652197
12426.9450857 27991.5751469 214.0 12164.0700587 28260.7749511 215.0 12295.5075722 28126.175049 214.399114271
12164.0700587 28260.7749511 215.0 11924.3455188 28295.5171159 217.0 12044.2077888 28278.1460335 215.526351021
11924.3455188 28295.5171159 217.0 11638.6130157 28211.1751474 218.0 11781.4792673 28253.3461316 217.499989834
11638.6130157 28211.1751474 218.0 11418.3038296 28019.3038296 219.0 11528.4584227 28115.2394885 218.491588162
11418.3038296 28019.3038296 219.0 11178.4263984 27859.6061572 220.0 11298.365114 27939.4549934 219.496547166
11178.4263984 27859.6061572 220.0 10883.0125183 27829.5007555 221.0 11030.7194584 27844.5534564 220.499126758
10662.6384664 27614.2741671 222.0 10577.6071919 26947.6871492 223.0 10620.1228291 27280.9806582 222.500004591
10577.6071919 26947.6871492 223.0 10490.1903945 26281.397222 224.0 10533.8987932 26614.5421856 223.499999999
10433.0829631 25863.0342045 225.0 10459.838883 25872.5721944 227.0 10446.4609231 25867.8031994 225.626019615
10724.9718572 25478.4254765 228.0 10989.8439045 24860.834721 229.0 10857.4078809 25169.6300987 228.499999036
10989.8439045 24860.834721 229.0 11252.9114043 24242.4744386 230.0 11121.3776544 24551.6545798 229.499997678
11252.9114043 24242.4744386 230.0 11519.3534834 23625.5643711 231.0 11386.1324438 23934.0194048 230.499998133
11519.3534834 23625.5643711 231.0 11777.6702324 23005.1996865 232.0 11648.5118579 23315.3820288 231.499999454
11777.6702324 23005.1996865 232.0 11809.2464342 22442.0745321 233.0 11793.4583333 22723.6371093 232.485207867
11809.2464342 22442.0745321 233.0 12033.0 21811.361025 234.0 11921.1232171 22126.7177786 233.499868638
12033.0 21811.361025 234.0 11648.1555725 21312.9646753 235.0 11840.5777863 21562.1628501 234.500646999
11648.1555725 21312.9646753 235.0 11008.036883 21126.9015294 236.0 11328.0962278 21219.9331023 235.502899354
10386.0050733 21267.375648 237.0 10117.5483884 21311.9405687 238.0 10251.7767308 21289.6581084 237.483170972
10117.5483884 21311.9405687 238.0 9821.27183599 21343.893075 239.0 9969.41011218 21327.9168219 238.499999712
9821.27183599 21343.893075 239.0 9523.88579237 21361.7241035 240.0 9672.57881418 21352.8085892 239.499923379
9523.88579237 21361.7241035 240.0 9581.02235474 21359.0458271 242.0 9552.45407355 21360.3849653 240.69426924
9581.02235474 21359.0458271 242.0 9878.12591234 21337.6182103 243.0 9729.57413354 21348.3320187 242.500098183
9878.12591234 21337.6182103 243.0 10174.4147155 21305.7777156 244.0 10026.2703139 21321.697963 243.499991953
10418.1991355 20788.7889578 246.0 11382.0171016 21087.3453648 247.0 10900.1081186 20938.0671613 246.5
11382.0171016 21087.3453648 247.0 12208.7552718 21648.8532176 248.0 11795.3861867 21368.0992912 247.502713034
12208.7552718 21648.8532176 248.0 13152.2518882 21887.7854055 249.0 12680.50358 21768.3193115 248.499594231
13152.2518882 21887.7854055 249.0 14160.5623261 21857.1908725 250.0 13656.4071071 21872.488139 249.500024057
14160.5623261 21857.1908725 250.0 15165.5976427 21800.049081 251.0 14663.0799844 21828.6199767 250.500497829
15165.5976427 21800.049081 251.0 16169.6580271 21899.7674068 252.0 15667.6278349 21849.9082439 251.5
16169.6580271 21899.7674068 252.0 17109.7203598 22266.0576574 253.0 16639.6891934 22082.9125321 252.499990092
17953.8421937 22635.6929061 254.0 17779.8900542 22877.65293 255.0 17866.8661239 22756.672918 254.5
17779.8900542 22877.65293 255.0 17605.9379146 23119.6129538 256.0 17692.9139844 22998.6329419 255.5
18001.231978 23602.2990731 257.0 18449.4128479 24103.0142755 258.0 18225.322413 23852.6566743 257.500000086
18365.8491501 24201.9525581 259.0 18266.9285426 24289.3522916 260.0 18316.3888464 24245.6524249 259.5
18266.9285426 24289.3522916 260.0 18168.1223515 24376.8811492 261.0 18217.525447 24333.1167204 260.499999935
18168.1223515 24376.8811492 261.0 18069.4533023 24464.5647779 262.0 18118.7878269 24420.7229636 261.5
18069.4533023 24464.5647779 262.0 17970.7842532 24552.2484066 263.0 18020.1187777 24508.4065923 262.5
17970.7842532 24552.2484066 263.0 17872.115204 24639.9320353 264.0 17921.4497286 24596.090221 263.5
17872.115204 24639.9320353 264.0 17773.4461549 24727.615664 265.0 17822.7806794 24683.7738496 264.5
17773.4461549 24727.615664 265.0 17674.7820444 24815.3048494 266.0 17724.1140996 24771.4602567 265.5
17674.7820444 24815.3048494 266.0 17576.1240143 24903.0008761 267.0 17625.4530294 24859.1528628 266.5
17576.1240143 24903.0008761 267.0 17477.4659843 24990.6969029 268.0 17526.7949993 24946.8488895 267.5
17477.4659843 24990.6969029 268.0 17378.8079542 25078.3929296 269.0 17428.1369692 25034.5449162 268.5
17378.8079542 25078.3929296 269.0 17280.1499241 25166.0889563 270.0 17329.4789392 25122.2409429 269.5
17280.1499241 25166.0889563 270.0 17367.6580301 25088.3039733 271.0 17323.9039771 25127.1964648 270.493318588
17367.6580301 25088.3039733 271.0 17466.3160601 25000.6079465 272.0 17416.9870451 25044.4559599 271.5
17466.3160601 25000.6079465 272.0 17564.9740902 24912.9119198 273.0 17515.6450752 24956.7599332 272.5
17564.9740902 24912.9119198 273.0 17663.6321203 24825.2158931 274.0 17614.3031052 24869.0639065 273.5
17663.6321203 24825.2158931 274.0 17762.2949854 24737.5253065 276.0 17712.9635528 24781.3705998 274.80115376
17762.2949854 24737.5253065 276.0 17860.9640345 24649.8416778 277.0 17811.62951 24693.6834922 276.5
17860.9640345 24649.8416778 277.0 17959.6330837 24562.1580491 278.0 17910.2985591 24605.9998635 277.5
17959.6330837 24562.1580491 278.0 18058.3021328 24474.4744204 279.0 18008.9676083 24518.3162348 278.5
18058.3021328 24474.4744204 279.0 18156.971182 24386.7907917 280.0 18107.6366574 24430.6326061 279.5
18156.971182 24386.7907917 280.0 18255.7489431 24299.2298495 281.0 18206.3600625 24343.0103206 280.50000028
18255.7489431 24299.2298495 281.0 18354.6695505 24211.830116 282.0 18305.2092468 24255.5299827 281.5
18354.6695505 24211.830116 282.0 18453.590158 24124.4303825 283.0 18404.1298543 24168.1302492 282.5
18051.6541905 23659.0920621 284.0 17606.6324244 23155.5656376 285.0 17829.1433074 23407.3288499 284.499999917
17606.6324244 23155.5656376 285.0 17158.8891507 22654.572554 286.0 17382.7607875 22905.0690958 285.499989729
17158.8891507 22654.572554 286.0 16718.5457395 22146.994273 287.0 16938.7174451 22400.7834135 286.500004393
16718.5457395 22146.994273 287.0 16210.1920189 21730.1435377 288.0 16464.3688792 21938.5689053 287.493794643
16210.1920189 21730.1435377 288.0 15592.041107 21467.0035812 289.0 15901.1165629 21598.5735595 288.500080594
15592.041107 21467.0035812 289.0 14967.7564846 21218.3309348 290.0 15279.8987958 21342.667258 289.500000318
14967.7564846 21218.3309348 290.0 14344.5437415 20967.047423 291.0 14656.1501131 21092.6891789 290.499999814
14344.5437415 20967.047423 291.0 13721.957414 20714.2004769 292.0 14033.2505778 20840.6239499 291.500009828
13721.957414 20714.2004769 292.0 13120.2162092 20425.5079925 293.0 13421.0868116 20569.8542347 292.500261543
13120.2162092 20425.5079925 293.0 12635.0163611 19990.4894142 294.0 12877.6162851 20207.9987034 293.495756406
12635.0163611 19990.4894142 294.0 12284.212825 19450.6582486 295.0 12459.614593 19720.5738314 294.49947066
12040.4210012 18938.1745635 296.0 12189.8049033 18422.8855896 298.0 12115.1129523 18680.5300765 297.027675825
12189.8049033 18422.8855896 298.0 12094.1488173 18103.0413485 299.0 12141.9768603 18262.963469 298.606196257
12094.1488173 18103.0413485 299.0 11878.4142284 17713.7183087 300.0 11986.2815228 17908.3798286 299.498504031
11878.4142284 17713.7183087 300.0 11719.1543362 17305.9132762 301.0 11798.7842823 17509.8157925 300.495591968
11719.1543362 17305.9132762 301.0 11699.3019996 16884.1991811 302.0 11709.2281679 17095.0562286 301.499226447
11998.0660969 15859.8323362 304.0 11907.3142737 15649.1648097 305.0 11952.6901853 15754.4985729 304.47034531
11907.3142737 15649.1648097 305.0 12045.0169168 15389.8195543 306.0 11976.1655952 15519.492182 305.497609149
12274.1080553 15311.9460629 307.0 12547.1324347 14697.9590599 308.0 12410.620245 15004.9525614 307.49999711
12547.1324347 14697.9590599 308.0 12705.9701294 14046.1344179 309.0 12626.551282 14372.0467389 308.500157578
12705.9701294 14046.1344179 309.0 12979.7460471 13436.0820244 310.0 12842.8580882 13741.1082212 309.499305337
12979.7460471 13436.0820244 310.0 13262.8109317 12827.3260963 311.0 13121.2784894 13131.7040604 310.500356265
13262.8109317 12827.3260963 311.0 13511.7950976 12203.1675391 312.0 13387.3030147 12515.2468177 311.500004422
13511.7950976 12203.1675391 312.0 13811.0447274 11602.011717 313.0 13661.4199125 11902.5896281 312.500032141
13811.0447274 11602.011717 313.0 14188.2470895 11048.9145337 314.0 13999.6459084 11325.4631253 313.499819198
14518.7749074 10520.7034871 315.0 14700.8583256 10111.3755074 316.0 14609.8166165 10316.0394973 315.499999975
14700.8583256 10111.3755074 316.0 14889.0391866 9714.11419824 317.0 14794.9487561 9912.74485282 316.499849933
14889.0391866 9714.11419824 317.0 15064.4700718 9301.89095228 318.0 14976.7546292 9508.00257526 317.5
15064.4700718 9301.89095228 318.0 15266.2637963 8902.04763335 319.0 15165.3669341 9101.96929282 318.499978402
15266.2637963 8902.04763335 319.0 15397.6866323 8475.56971441 320.0 15331.9752143 8688.80867388 319.49954696
15663.2386315 8452.27380639 321.0 15928.8801504 8332.97544697 322.0 15796.0593909 8392.62462668 321.499120295
15928.8801504 8332.97544697 322.0 16172.508852 8161.37261828 323.0 16050.6945012 8247.17403262 322.500000601
16172.508852 8161.37261828 323.0 16461.5459628 8183.334312 324.0 16317.0274074 8172.35346514 323.495713139
16461.5459628 8183.334312 324.0 16715.6854761 8338.95278053 325.0 16588.6157194 8261.14354626 324.5
16715.6854761 8338.95278053 325.0 16969.8249895 8494.57124906 326.0 16842.7552328 8416.7620148 325.5
17163.4240537 8563.211221 327.0 17229.8515727 8449.14376412 328.0 17196.6378132 8506.17749256 327.5
17229.8515727 8449.14376412 328.0 17296.2790917 8335.07630724 329.0 17263.0653322 8392.11003568 328.5
17296.2790917 8335.07630724 329.0 17378.611438 8236.65354909 330.0 17337.4452649 8285.86492816 329.494556608
17378.611438 8236.65354909 330.0 17491.5680599 8168.35419635 331.0 17435.089749 8202.50387272 330.5
17491.5680599 8168.35419635 331.0 17604.5246817 8100.05484362 332.0 17548.0463708 8134.20451998 331.5
17604.5246817 8100.05484362 332.0 17717.8998719 8032.46448058 333.0 17661.2122768 8066.2596621 332.499995743
17717.8998719 8032.46448058 333.0 17832.2686273 7966.55706223 334.0 17775.0842496 7999.5107714 333.5
17832.2686273 7966.55706223 334.0 17950.5064305 7919.81330382 335.0 17891.3875289 7943.18518302 334.509227542
17950.5064305 7919.81330382 335.0 18059.935655 7984.25620348 336.0 18005.2210428 7952.03475365 335.499252896
18059.935655 7984.25620348 336.0 18138.7847783 8090.11845241 337.0 18099.3602167 8037.18732794 336.5
18138.7847783 8090.11845241 337.0 18088.1508767 8022.13775107 338.0 18113.4678275 8056.12810174 337.510919884
18088.1508767 8022.13775107 338.0 17996.0964532 7928.5461834 340.0 18042.1236649 7975.34196723 339.023711275
17996.0964532 7928.5461834 340.0 17873.1941271 7942.97287589 341.0 17934.6452902 7935.75952964 340.495313199
17873.1941271 7942.97287589 341.0 17758.8253718 8008.88029424 342.0 17816.0097494 7975.92658506 341.5
17758.8253718 8008.88029424 342.0 17644.9448663 8075.61473199 343.0 17701.885119 8042.24751311 342.500003138
17644.9448663 8075.61473199 343.0 17531.9882445 8143.91408472 344.0 17588.4665554 8109.76440835 343.5
17531.9882445 8143.91408472 344.0 17419.0316227 8212.21343746 345.0 17475.5099336 8178.06376109 344.5
17419.0316227 8212.21343746 345.0 17320.0493898 8294.2586235 346.0 17369.5405063 8253.23603048 345.499956093
17320.0493898 8294.2586235 346.0 17253.6218708 8408.32608038 347.0 17286.8356303 8351.29235194 346.5
17253.6218708 8408.32608038 347.0 17187.1943518 8522.39353726 348.0 17220.4081113 8465.35980882 347.5
17060.7657938 8550.25746848 349.0 16806.6262805 8394.63899995 350.0 16933.6960372 8472.44823421 349.5
16806.6262805 8394.63899995 350.0 16552.4867671 8239.02053141 351.0 16679.5565238 8316.82976568 350.5
16552.4867671 8239.02053141 351.0 16273.8907985 8149.16210374 352.0 16413.1887828 8194.09131758 351.502854086
16273.8907985 8149.16210374 352.0 16083.6824546 7955.83360772 353.0 16178.7866266 8052.49785573 352.514049293
16083.6824546 7955.83360772 353.0 15917.1711424 7741.50006046 354.0 16000.4267985 7848.66683409 353.473076026
15917.1711424 7741.50006046 354.0 15681.0049273 7800.92609072 355.0 15799.0880348 7771.21307559 354.469077075
15681.0049273 7800.92609072 355.0 15667.5950233 7507.44650954 356.0 15674.2999753 7654.18630013 355.499557649
15667.5950233 7507.44650954 356.0 15572.4600211 7225.11546213 357.0 15620.0275222 7366.28098583 356.499985881
15572.4600211 7225.11546213 357.0 15540.1707201 6934.35395668 358.0 15556.3153706 7079.7347094 357.500203312
15540.1707201 6934.35395668 358.0 15602.9399415 6646.40487117 359.0 15571.5553308 6790.37941392 358.50422465
15602.9399415 6646.40487117 359.0 15581.5135516 6706.9029131 360.0 15592.2267465 6676.65389213 359.411500243
15581.5135516 6706.9029131 360.0 15537.680161 6998.48585495 362.0 15559.5968563 6852.69438402 361.206743481
15537.680161 6998.48585495 362.0 15594.829484 7285.27117996 363.0 15566.2548225 7141.87851745 362.497867197
15594.829484 7285.27117996 363.0 15687.1474479 7568.57592921 364.0 15640.988466 7426.92355458 363.500005156
15687.1474479 7568.57592921 364.0 15668.4818119 7863.87117663 365.0 15677.8146299 7716.22355292 364.49786838
15356.2555151 8055.0477128 366.0 14965.7216386 8271.70159033 367.0 15160.9885769 8163.37465156 366.499696485
14924.6473379 8427.94065809 368.0 14946.871765 8386.66672222 369.0 14935.7595515 8407.30369015 368.343786694
14722.6980712 8321.01322832 371.0 14329.9583983 8519.46873583 372.0 14526.3282348 8420.24098207 371.501531771
14057.4826524 8891.08150261 373.0 13991.0045577 9559.3970985 374.0 14024.2436051 9225.23930056 373.499789084
13991.0045577 9559.3970985 374.0 13889.0850652 10223.5943469 375.0 13940.0448115 9891.49572269 374.500004226
13889.0850652 10223.5943469 375.0 13859.3726944 10893.8929497 376.0 13874.2288798 10558.7436483 375.500242556
13859.3726944 10893.8929497 376.0 13830.2762225 11559.2750611 377.0 13844.8244584 11226.5840054 376.501324153
13830.2762225 11559.2750611 377.0 13529.5394995 12159.7923347 378.0 13679.907861 11859.5336979 377.500179561
13529.5394995 12159.7923347 378.0 13279.9878841 12783.7230636 379.0 13404.7636918 12471.7576991 378.499998084
13279.9878841 12783.7230636 379.0 13001.7630116 13394.7114379 380.0 13140.8754478 13089.2172507 379.5000268
13001.7630116 13394.7114379 380.0 12716.1364455 14000.3859952 381.0 12858.9497286 13697.5487166 380.499273359
12716.1364455 14000.3859952 381.0 12565.4549236 14654.8248674 382.0 12640.7956845 14327.6054313 381.499958092
12565.4549236 14654.8248674 382.0 12293.4063957 15269.2395503 383.0 12429.4306596 14962.0322089 382.500009052
12293.4063957 15269.2395503 383.0 12035.9272504 15889.5998269 384.0 12164.666823 15579.4196886 383.500088051
12035.9272504 15889.5998269 384.0 11693.7883755 16126.5824705 385.0 11864.8578129 16008.0911487 384.623670997
11338.512507 16272.8172136 387.0 11451.0319191 16457.1666176 389.0 11394.7722131 16364.9919156 387.912754762
11451.0319191 16457.1666176 389.0 11641.909874 16436.8295295 390.0 11546.4708966 16446.9980735 389.492944683
11686.7431267 16708.0075921 391.0 11741.8258383 17119.8101379 392.0 11714.2844825 16913.908865 391.511637068
11741.8258383 17119.8101379 392.0 11786.9810716 17549.705768 393.0 11764.4034549 17334.7579529 392.496669978
11786.9810716 17549.705768 393.0 12000.6271282 17943.4196627 394.0 11893.8040999 17746.5627154 393.499966262
12000.6271282 17943.4196627 394.0 12300.14818 18216.7352812 395.0 12150.3876541 18080.077472 394.502818813
12300.14818 18216.7352812 395.0 12271.0615712 18655.4000679 396.0 12285.6048756 18436.0676745 395.495965901
12271.0615712 18655.4000679 396.0 12051.6580579 18988.8683884 397.0 12161.3598146 18822.1342281 396.494547824
12345.9694372 19570.6333337 398.0 12749.1244184 20062.5119903 399.0 12547.5469278 19816.572662 398.495810694
12749.1244184 20062.5119903 399.0 13228.4553065 20506.082151 400.0 12988.7898625 20284.2970707 399.497067188
13228.4553065 20506.082151 400.0 13847.4905379 20763.6912337 401.0 13537.9729222 20634.8866923 400.5001169
13847.4905379 20763.6912337 401.0 14469.3167089 21018.4245272 402.0 14158.4036234 20891.0578804 401.500001572
15001.134586 21272.4145464 403.0 14937.3694554 21563.0061759 404.0 14969.2520207 21417.7103612 403.499919756
14937.3694554 21563.0061759 404.0 14946.2725502 21860.2994056 405.0 14941.8210028 21711.6527907 404.499580651
14946.2725502 21860.2994056 405.0 14989.9029573 22155.079135 406.0 14968.0877538 22007.6892703 405.499999561
14989.9029573 22155.079135 406.0 15042.0628911 22448.4787623 407.0 15015.9829242 22301.7789487 406.5
15042.0628911 22448.4787623 407.0 15091.539527 22742.2898647 408.0 15066.801209 22595.3843135 407.499997977
15091.539527 22742.2898647 408.0 15130.0 23037.6006185 409.0 15110.7697635 22889.9452416 408.499984711
15130.0 23037.6006185 409.0 15083.3457514 23328.1216365 410.0 15106.6728757 23182.8611275 409.497861356
15083.3457514 23328.1216365 410.0 15030.4008982 23619.5689346 411.0 15056.8733248 23473.8452855 410.500536685
15030.4008982 23619.5689346 411.0 15056.2549945 23916.4452821 412.0 15043.3279464 23768.0071083 411.5
15056.2549945 23916.4452821 412.0 15080.785404 24213.4338452 413.0 15068.5201993 24064.9395636 412.499999977
15080.785404 24213.4338452 413.0 15105.2765387 24510.4257379 414.0 15093.0309714 24361.9297916 413.5
15105.2765387 24510.4257379 414.0 15129.7676735 24807.4176306 415.0 15117.5221061 24658.9216842 414.5
15129.7676735 24807.4176306 415.0 15154.2588082 25104.4095233 416.0 15142.0132408 24955.9135769 415.5
15154.2588082 25104.4095233 416.0 15178.7499429 25401.401416 417.0 15166.5043755 25252.9054696 416.5
15178.7499429 25401.401416 417.0 15203.2410776 25698.3933086 418.0 15190.9955103 25549.8973623 417.5
15203.2410776 25698.3933086 418.0 15226.8430352 25995.4176893 419.0 15215.0420564 25846.905499 418.500006132
15226.8430352 25995.4176893 419.0 15251.4058298 26292.4022653 420.0 15239.1244325 26143.9099773 419.49999851
15251.4058298 26292.4022653 420.0 15274.5022237 26589.5058779 421.0 15262.9540268 26440.9540716 420.5
15274.5022237 26589.5058779 421.0 15298.1992335 26886.5611582 422.0 15286.3507286 26738.033518 421.500000161
15298.1992335 26886.5611582 422.0 15322.908917 27183.5349475 423.0 15310.5540753 27035.0480528 422.5
15322.908917 27183.5349475 423.0 15363.1884563 27476.9131733 424.0 15343.0486867 27330.2240604 423.500055793
15800.2613658 27660.6860458 426.0 15590.8980719 27980.5525347 428.0 15695.5797189 27820.6192902 426.919057731
15590.8980719 27980.5525347 428.0 15399.8714518 28098.7371937 429.0 15495.3847619 28039.6448642 428.508527563
15399.8714518 28098.7371937 429.0 15423.7939941 28395.7754268 430.0 15411.832723 28247.2563102 429.5
15423.7939941 28395.7754268 430.0 15448.4569589 28692.7529014 431.0 15436.1254765 28544.2641641 430.499999873
15448.4569589 28692.7529014 431.0 15473.3705586 28989.7096471 432.0 15460.9137588 28841.2312743 431.499999999
15473.3705586 28989.7096471 432.0 15497.8325767 29286.7038252 433.0 15485.6015676 29138.2067361 432.500000056
15497.8325767 29286.7038252 433.0 15523.3070317 29583.61299 434.0 15510.5698042 29435.1584076 433.5
15523.3070317 29583.61299 434.0 15340.1008934 29713.8464818 435.0 15431.7039626 29648.7297359 434.483433481
15340.1008934 29713.8464818 435.0 15208.8736215 29446.2957331 436.0 15274.4872575 29580.0711075 435.5
15208.8736215 29446.2957331 436.0 15077.4290278 29178.8580555 437.0 15143.1513246 29312.5768943 436.500002788
14933.9657208 29026.8213022 438.0 14767.4325002 29133.9225928 439.0 14850.6991105 29080.3719475 438.5
14767.4325002 29133.9225928 439.0 14579.1507723 29167.0 440.0 14673.2916363 29150.4612964 439.499306497
14579.1507723 29167.0 440.0 14381.1507723 29167.0 441.0 14480.1507723 29167.0 440.5
14381.1507723 29167.0 441.0 14541.0 29167.0 442.0 14461.0753861 29167.0 441.487853123
14541.0 29167.0 442.0 14735.344768 29154.558941 444.0 14638.172384 29160.7794705 442.938806102
14735.344768 29154.558941 444.0 14901.8779886 29047.4576504 445.0 14818.6113783 29101.0082957 444.5
14919.1149151 28860.0696917 446.0 14787.2821097 28592.8167938 447.0 14853.1985124 28726.4432428 446.5
14787.2821097 28592.8167938 447.0 14655.4749552 28325.551292 448.0 14721.3785324 28459.1840429 447.500000024
14655.4749552 28325.551292 448.0 14523.7767829 28058.2320232 449.0 14589.6258691 28191.8916576 448.5
14167.5842925 28173.612973 450.0 13729.4144613 28246.1716864 451.0 13948.4993769 28209.8923297 450.500073559
13729.4144613 28246.1716864 451.0 13283.4651298 28288.9754509 452.0 13506.4397956 28267.5735687 451.500000651
13283.4651298 28288.9754509 452.0 12837.3832913 28330.3807507 453.0 13060.4242106 28309.6781008 452.500000126
12837.3832913 28330.3807507 453.0 12418.901409 28486.9126036 454.0 12628.1423502 28408.6466772 453.500024614
12418.901409 28486.9126036 454.0 12003.1138524 28653.7115664 455.0 12211.0076307 28570.312085 454.50000218
12003.1138524 28653.7115664 455.0 11575.5716 28783.4487717 456.0 11789.3427262 28718.5801691 455.499222732
11148.3777557 28596.8132532 457.0 10754.1868857 28052.6833682 458.0 10951.2823207 28324.7483107 457.499991902
10754.1868857 28052.6833682 458.0 10636.396092 27396.5084001 459.0 10695.2914889 27724.5958841 458.500661714
10636.396092 27396.5084001 459.0 10549.022651 26730.2128721 460.0 10592.7093715 27063.3606361 459.500000023
10549.022651 26730.2128721 460.0 10474.9976026 26065.83664 461.0 10512.0101268 26398.024756 460.499254496
10474.9976026 26065.83664 461.0 10738.3214151 25447.6777243 462.0 10606.6595088 25756.7571822 461.49998422
10738.3214151 25447.6777243 462.0 11002.8922513 24829.95794 463.0 10870.6068332 25138.8178322 462.499998678
11002.8922513 24829.95794 463.0 11266.5691187 24211.8623201 464.0 11134.730685 24520.9101301 463.500001754
11266.5691187 24211.8623201 464.0 11532.320955 23594.6535374 465.0 11399.4450369 23903.2579288 464.500000747
11532.320955 23594.6535374 465.0 11790.4492855 22974.2104826 466.0 11661.3851203 23284.43201 465.499999824
11790.4492855 22974.2104826 466.0 11979.2870502 22002.8253832 468.0 11884.8681679 22488.5179329 466.975271662
11979.2870502 22002.8253832 468.0 11811.2369239 21430.3235371 469.0 11895.2619871 21716.5744602 468.461962347
11811.2369239 21430.3235371 469.0 11203.970534 21171.3872999 470.0 11507.603729 21300.8554185 469.495964184
11203.970534 21171.3872999 470.0 10551.4603289 21210.9792956 471.0 10877.7154314 21191.1832978 470.491498105
9710.55630559 20687.0690688 473.0 9022.66978755 20017.8919403 474.0 9366.61304657 20352.4805045 473.502400705
7727.13727646 19363.9297561 477.0 7475.9240192 18992.9922461 478.0 7601.53064783 19178.4610011 477.500001006
7475.9240192 18992.9922461 478.0 7244.36941385 18613.6011837 479.0 7360.14671653 18803.2967149 478.498823793
7244.36941385 18613.6011837 479.0 6968.4507601 18273.1613563 480.0 7106.41008697 18443.38127 479.503990889
6968.4507601 18273.1613563 480.0 6636.76137254 17972.0996474 481.0 6802.60606632 18122.6305018 480.499988114
6003.39046987 17557.1143284 483.0 6052.96186318 17263.9992325 484.0 6028.17616652 17410.5567804 483.499923392
6052.96186318 17263.9992325 484.0 6084.50605358 16974.0981552 485.0 6068.73395838 17119.0486938 484.502141442
6084.50605358 16974.0981552 485.0 6055.89333321 17257.0703033 487.0 6070.1996934 17115.5842293 485.946485745
6055.89333321 17257.0703033 487.0 6004.49303382 17549.6720217 488.0 6030.19318351 17403.3711625 487.500817067
6628.48447183 17964.3911175 490.0 6959.93538777 18265.7171 491.0 6794.2099298 18115.0541088 490.499964181
6959.93538777 18265.7171 491.0 7241.23258586 18602.7343153 492.0 7100.58398682 18434.2257077 491.497912853
7241.23258586 18602.7343153 492.0 7469.56312289 18983.6398391 493.0 7355.39785438 18793.1870772 492.49833922
7469.56312289 18983.6398391 493.0 7720.82469091 19354.5446732 494.0 7595.1939069 19169.0922562 493.499999312
8158.16518873 19576.8956486 495.0 8812.43510289 19719.9374824 496.0 8485.30014581 19648.4165655 495.499996017
9351.62671735 20544.9925179 497.0 10315.5012408 20772.4618929 498.0 9833.56397908 20658.7272054 497.500492675
10315.5012408 20772.4618929 498.0 11281.488833 21056.2052951 499.0 10798.4950369 20914.333594 498.499833412
11281.488833 21056.2052951 499.0 12128.1118194 21581.2346527 500.0 11704.8003262 21318.7199739 499.499221384
