9081.82563971 10211.5095701 1.0 8868.90667648 10278.1908521 2.0 8975.36615809 10244.8502111 1.48605796237 9116 10169 8914 10255 298.0 9082.45219662 10210.7301944 1.0 8868.90667648 10278.1908521 0.0
9001.46133029 11069.3402125 4.0 8623.30899233 11309.5577287 5.0 8812.38516131 11189.4489706 4.4999999919 9097 11009 8878 11148 448.00000000000006 9003.15230809 11068.2722265 2.0 8624.15343139 11309.0220771 1.0
8623.30899233 11309.5577287 5.0 8241.82716439 11544.3917862 6.0 8432.56807836 11426.9747575 5.49999778181 8878 11148 8436 11428 448.0 8624.15343139 11309.0220771 1.0 8241.82716439 11544.3917862 0.0
8241.82716439 11544.3917862 6.0 7857.84868397 11775.1816952 7.0 8049.83792418 11659.7867407 6.49999996528 8436 11428 7863 11772 448.0 8241.82716439 11544.3917862 0.0 7858.69948196 11774.6562023 1.0
7857.84868397 11775.1816952 7.0 7892.19664451 11754.4303378 9.0 7875.02266424 11764.8060165 7.77735965814 7863 11772 7863 11772 447.99999999999994 7858.69948196 11774.6562023 1.0 7892.19664451 11754.4303378 0.0
7892.19664451 11754.4303378 9.0 8276.2472326 11523.7595839 10.0 8084.22193855 11639.0949609 9.49999991312 7863 11772 8089 11636 448.0 7892.19664451 11754.4303378 0.0 8277.10494355 11524.2737161 1.0
8276.2472326 11523.7595839 10.0 8657.19645757 11288.0619486 11.0 8466.72184508 11405.9107662 10.4999900835 8089 11636 8610 11318 448.00000000000006 8277.10494355 11524.2737161 1.0 8658.88533568 11289.1332518 2.0
8657.19645757 11288.0619486 11.0 9035.39092602 11047.9109941 12.0 8846.2936918 11167.9864713 11.5000001285 8610 11318 8983 11081 447.99999999999994 8658.88533568 11289.1332518 2.0 9037.92739273 11049.5129731 3.0
9387.55576452 11490.8780029 13.0 9733.42230559 12067.037176 14.0 9560.48903506 11778.9575894 13.4999999263 9097 11009 9659 11943 672.0 9385.4903173 11494.303485 4.0 9730.84982681 12071.3246406 5.0
9733.42230559 12067.037176 14.0 10079.1634532 12643.2724221 15.0 9906.29287942 12355.154799 14.5 9659 11943 9989 12493 672.0 9730.84982681 12071.3246406 5.0 10077.1054702 12646.7023938 4.0
10079.1634532 12643.2724221 15.0 10456.6848265 13195.798769 16.0 10267.9241398 12919.5355955 15.5011505466 9989 12493 10318 13043 672.0 10077.1054702 12646.7023938 4.0 10453.3244239 13199.5011594 5.0
9930.18339039 13826.519727 17.0 9298.73020983 14605.5246633 18.0 9614.45680011 14216.0221952 17.5003176442 10544 13292 9708 14020 1009.0 9933.19994736 13823.8928688 4.0 9300.44891253 14603.0657894 3.0
9298.73020983 14605.5246633 18.0 8730.11813415 15234.7621157 19.0 9014.42417199 14920.1433895 18.4995884396 9708 14020 8948 15300 1009.0 9300.44891253 14603.0657894 3.0 8726.28621638 15233.6147683 4.0
8730.11813415 15234.7621157 19.0 7763.51687718 14945.3437161 20.0 8246.81750566 15090.0529159 19.5 8948 15300 8948 15300 1009.0 8726.28621638 15233.6147683 4.0 7758.72697997 14943.9095318 5.0
7763.51687718 14945.3437161 20.0 6817.47549313 14595.9259973 21.0 7290.49618516 14770.6348567 20.5000864932 8948 15300 7572 14888 1009.0 7758.72697997 14943.9095318 5.0 6813.74522074 14594.4820209 4.0
6817.47549313 14595.9259973 21.0 5851.77114537 14310.9850749 22.0 6334.62331925 14453.4555361 21.4999980561 7572 14888 6456 14456 1009.0000000000001 6813.74522074 14594.4820209 4.0 5848.85398346 14310.284956 3.0
5524.59011657 13727.4859663 23.0 5230.03012634 13128.4835964 24.0 5377.31012146 13427.9847814 23.5010606648 5756 14288 5268 13173 671.9999999999999 5523.82689713 13725.6373192 2.0 5228.08328652 13126.2010945 3.0
5230.03012634 13128.4835964 24.0 4681.99921846 12741.312643 25.0 4956.0146724 12934.8981197 24.499999497 5268 13173 5210 13105 672.0 5228.08328652 13126.2010945 3.0 4678.70505248 12739.0436189 4.0
4681.99921846 12741.312643 25.0 4122.09628396 12371.1758949 26.0 4402.04775121 12556.244269 25.5004012378 5210 13105 4201 12410 672.0 4678.70505248 12739.0436189 4.0 4117.60996201 12368.9684268 5.0
4122.09628396 12371.1758949 26.0 3519.1346136 12074.4921844 27.0 3820.61544878 12222.8340397 26.5 4201 12410 4201 12410 672.0 4117.60996201 12368.9684268 5.0 3515.54555604 12072.7262099 4.0
3492.0215004 11803.5722143 28.0 3631.24565037 11540.0942531 29.0 3561.63357538 11671.8332337 28.5 3384 12008 3384 12008 298.0 3493.4230858 11806.224677 3.0 3633.11443091 11543.63087 4.0
3631.24565037 11540.0942531 29.0 3776.37030538 11280.6699067 30.0 3703.80797788 11410.3820799 29.500182502 3384 12008 3756 11304 298.0 3633.11443091 11543.63087 4.0 3778.34343023 11282.9297249 3.0
3776.37030538 11280.6699067 30.0 3972.36737392 11056.1946316 31.0 3874.36883965 11168.4322691 30.5 3756 11304 3756 11304 298.0 3778.34343023 11282.9297249 3.0 3973.68279049 11057.7011771 2.0
3972.36737392 11056.1946316 31.0 4168.36444246 10831.7193565 32.0 4070.36590819 10943.956994 31.5 3756 11304 3756 11304 298.0 3973.68279049 11057.7011771 2.0 4170.33756731 10833.9791747 3.0
4168.36444246 10831.7193565 32.0 4364.361511 10607.2440814 33.0 4266.36297673 10719.481719 32.5 3756 11304 3756 11304 298.0 4170.33756731 10833.9791747 3.0 4366.99234414 10610.2571724 4.0
4364.361511 10607.2440814 33.0 4593.24527333 10577.0009585 34.0 4478.80339217 10592.12252 33.4712487188 3756 11304 4458 10500 298.0 4366.99234414 10610.2571724 4.0 4588.90015947 10579.474819 5.0
4593.24527333 10577.0009585 34.0 4800.88010004 10790.6106238 35.0 4697.06268668 10683.8057911 34.4999947823 4458 10500 4785 10773 298.0 4588.90015947 10579.474819 5.0 4798.20139629 10793.5812375 4.0
4800.88010004 10790.6106238 35.0 5013.11627251 10894.4755456 36.0 4906.99818627 10842.5430847 35.4874102469 4785 10773 4965 10926 298.0 4798.20139629 10793.5812375 4.0 5015.6256559 10896.1196244 3.0
5013.11627251 10894.4755456 36.0 4924.88096729 10928.124406 38.0 4968.9986199 10911.2999758 36.8743398618 4965 10926 4941 10946 298.0 5015.6256559 10896.1196244 3.0 4923.54161542 10926.6390991 2.0
4924.88096729 10928.124406 38.0 4723.32201721 10708.6692007 39.0 4824.10149225 10818.3968034 38.5000212549 4941 10946 4785 10773 298.0 4923.54161542 10926.6390991 2.0 4722.62995024 10707.9473674 1.0
4723.32201721 10708.6692007 39.0 4495.18950688 10521.1735879 40.0 4609.25576204 10614.9213943 39.4979947382 4785 10773 4595 10578 298.0 4722.62995024 10707.9473674 1.0 4495.18950688 10521.1735879 0.0
4495.18950688 10521.1735879 40.0 4290.14931324 10692.2392481 41.0 4392.66941006 10606.706418 40.4920058645 4595 10578 4458 10500 298.0 4495.18950688 10521.1735879 0.0 4289.49160496 10692.9925208 -1.0
4290.14931324 10692.2392481 41.0 4094.1522447 10916.7145232 42.0 4192.15077897 10804.4768856 41.5 4458 10500 4458 10500 298.0 4289.49160496 10692.9925208 -1.0 4094.1522447 10916.7145232 0.0
4094.1522447 10916.7145232 42.0 3898.15517616 11141.1897982 43.0 3996.15371043 11028.9521607 42.5 4458 10500 4458 10500 298.0 4094.1522447 10916.7145232 0.0 3898.81288445 11140.4365255 1.0
3898.15517616 11141.1897982 43.0 3717.75406216 11376.3794092 44.0 3807.95461916 11258.7846037 43.498992083 4458 10500 3756 11304 298.0 3898.81288445 11140.4365255 1.0 3718.68845243 11374.6111008 2.0
3717.75406216 11376.3794092 44.0 3578.52991219 11639.8573705 45.0 3648.14198717 11508.1183899 44.5 3756 11304 3756 11304 298.0 3718.68845243 11374.6111008 2.0 3579.93149759 11637.2049078 3.0
3578.52991219 11639.8573705 45.0 3439.30576221 11903.3353317 46.0 3508.9178372 11771.5963511 45.5 3756 11304 3756 11304 298.0 3579.93149759 11637.2049078 3.0 3441.17454274 11899.7987148 4.0
3747.43961354 12186.8283043 47.0 4338.12586595 12504.4524052 48.0 4042.78273974 12345.6403548 47.4996551599 3384 12008 4201 12410 672.0 3744.74782037 12188.1527852 3.0 4334.83169997 12506.7214293 4.0
4338.12586595 12504.4524052 48.0 4891.54574978 12885.64846 49.0 4614.83580786 12695.0504326 48.5 4201 12410 4201 12410 672.0 4334.83169997 12506.7214293 4.0 4889.0751253 12887.3502281 3.0
4891.54574978 12885.64846 49.0 5365.24730833 13341.5306265 50.0 5128.39652906 13113.5895433 49.5012114803 4201 12410 5332 13261 672.0 4889.0751253 12887.3502281 3.0 5363.72086944 13345.2279207 4.0
5365.24730833 13341.5306265 50.0 5621.68904127 13962.6760504 51.0 5493.4681748 13652.1033385 50.5 5332 13261 5332 13261 672.0 5363.72086944 13345.2279207 4.0 5620.5442121 13965.4490211 3.0
6223.26887379 14400.1445297 52.0 7173.76041109 14733.8427398 53.0 6698.51464244 14566.9936347 52.5002132247 5756 14288 6456 14456 1009.0 6221.32409918 14400.6112756 2.0 7170.96270679 14734.9257221 3.0
7173.76041109 14733.8427398 53.0 8129.51012478 15054.9289036 54.0 7651.63526793 14894.3858217 53.4998316381 6456 14456 7572 14888 1009.0 7170.96270679 14734.9257221 3.0 8127.59416589 15055.5025774 2.0
8129.51012478 15054.9289036 54.0 9008.76471441 15157.8334984 55.0 8569.13741959 15106.381201 54.5017685332 7572 14888 8948 15300 1008.9999999999999 8127.59416589 15055.5025774 2.0 9009.94378681 15160.5920828 3.0
9008.76471441 15157.8334984 55.0 9517.60532522 14292.3894617 56.0 9263.18501982 14725.11148 55.5012190594 8948 15300 9160 14804 1009.0 9009.94378681 15160.5920828 3.0 9518.75112702 14294.028711 2.0
9517.60532522 14292.3894617 56.0 10218.3000845 13575.6238499 57.0 9867.95270486 13934.0066558 56.4991794969 9160 14804 9708 14020 1008.9999999999999 9518.75112702 14294.028711 2.0 10219.0542237 13576.2805644 1.0
10293.6930829 13001.5003855 58.0 9948.25225843 12425.0870974 59.0 10120.9726707 12713.2937414 58.5000001683 10318 13043 9989 12493 672.0 10292.6822767 12999.7746187 2.0 9946.70877116 12422.5146186 3.0
9948.25225843 12425.0870974 59.0 9602.62024266 11848.7864581 60.0 9775.43625055 12136.9367778 59.5000000195 9989 12493 9659 11943 672.0 9946.70877116 12422.5146186 3.0 9600.56623549 11845.3541041 4.0
9602.62024266 11848.7864581 60.0 9256.16976195 11272.9782664 61.0 9429.39500231 11560.8823623 60.4999999326 9659 11943 9463 11616 672.0 9600.56623549 11845.3541041 4.0 9253.58795294 11268.6964137 5.0
9256.16976195 11272.9782664 61.0 8905.3113515 10699.9029817 62.0 9080.74055673 10986.440624 61.500013741 9463 11616 9020 10880 672.0 9253.58795294 11268.6964137 5.0 8903.1627635 10696.5290271 4.0
8905.3113515 10699.9029817 62.0 8550.27146599 10131.0969953 63.0 8727.79140875 10415.4999885 62.4999088794 9020 10880 8623 10218 672.0 8903.1627635 10696.5290271 4.0 8547.06249535 10127.2626104 5.0
8550.27146599 10131.0969953 63.0 8111.55546853 9622.55546853 64.0 8330.91346726 9876.82623193 63.4997015341 8623 10218 8192 9703 672.0 8547.06249535 10127.2626104 5.0 8108.72704141 9619.72704141 4.0
7681.39455952 9163.72490081 65.0 7861.94459413 8926.64751892 66.0 7771.66957683 9045.18620987 65.5 7669 9180 7669 9180 298.0 7684.42392252 9167.70270923 5.0 7864.36808453 8929.82976566 4.0
7861.94459413 8926.64751892 66.0 8042.36887323 8689.47442556 67.0 7952.15673368 8808.06097224 66.4999999994 7669 9180 7883 8899 298.0 7864.36808453 8929.82976566 4.0 8045.39584768 8693.45405187 5.0
8042.36887323 8689.47442556 67.0 8222.99270752 8452.45783153 68.0 8132.68079037 8570.96612854 67.5000002508 7883 8899 8189 8497 298.0 8045.39584768 8693.45405187 5.0 8225.4194008 8455.63763651 4.0
8222.99270752 8452.45783153 68.0 8404.23048466 8215.90903623 69.0 8313.61159609 8334.18343388 68.4999999856 8189 8497 8393 8231 298.0 8225.4194008 8455.63763651 4.0 8406.02151697 8218.3157359 3.0
8404.23048466 8215.90903623 69.0 8585.06467926 7979.0531789 70.0 8494.64758196 8097.48110757 69.4999999831 8393 8231 8550 8025 298.0 8406.02151697 8218.3157359 3.0 8586.2780259 7980.6430814 2.0
8585.06467926 7979.0531789 70.0 8468.94805274 7781.11758019 71.0 8527.006366 7880.08537955 70.5208069867 8550 8025 8637 7911 298.0 8586.2780259 7980.6430814 2.0 8468.15682263 7780.50606165 1.0
8468.94805274 7781.11758019 71.0 8346.46486451 7584.1511135 72.0 8407.70645862 7682.63434685 71.5692847696 8637 7911 8369 7600 298.0 8468.15682263 7780.50606165 1.0 8346.46486451 7584.1511135 0.0
8346.46486451 7584.1511135 72.0 8102.71186932 7412.72043557 73.0 8224.58836692 7498.43577454 72.5 8369 7600 8369 7600 298.0 8346.46486451 7584.1511135 0.0 8101.89390625 7412.14516484 1.0
8102.71186932 7412.72043557 73.0 8161.67459147 7454.18872367 75.0 8132.1932304 7433.45457962 73.9515117322 8369 7600 8096 7408 298.0 8101.89390625 7412.14516484 1.0 8160.03866533 7455.33926514 2.0
8161.67459147 7454.18872367 75.0 8342.45297714 7635.75721446 76.0 8252.06378431 7544.97296907 75.4831125076 8096 7408 8369 7600 298.0 8160.03866533 7455.33926514 2.0 8344.24127714 7633.34848386 3.0
8342.45297714 7635.75721446 76.0 8525.98373384 7825.19878483 77.0 8434.21835549 7730.47799965 76.5127751861 8369 7600 8320 7666 298.0 8344.24127714 7633.34848386 3.0 8522.81881342 7827.64485897 4.0
8525.98373384 7825.19878483 77.0 8541.27617766 8036.3137071 78.0 8533.62995575 7930.75624596 77.4125866619 8320 7666 8550 8025 298.0 8522.81881342 7827.64485897 4.0 8543.10807528 8033.93796487 3.0
8541.27617766 8036.3137071 78.0 8360.46028341 8273.18111409 79.0 8450.86823054 8154.7474106 78.5000024485 8550 8025 8393 8231 298.0 8543.10807528 8033.93796487 3.0 8361.68189032 8271.59754958 2.0
8360.46028341 8273.18111409 79.0 8179.2368594 8509.74346773 80.0 8269.84857141 8391.46229091 79.4999996275 8393 8231 8189 8497 298.0 8361.68189032 8271.59754958 2.0 8181.06134755 8507.36203056 3.0
8179.2368594 8509.74346773 80.0 7998.7290904 8746.84855628 81.0 8088.9829749 8628.29601201 80.4999987282 8189 8497 8080 8640 298.0 8181.06134755 8507.36203056 3.0 8001.15066996 8743.66485523 4.0
7998.7290904 8746.84855628 81.0 7818.27037582 8983.99544109 82.0 7908.49973311 8865.42199869 81.4999999923 8080 8640 7883 8899 298.0 8001.15066996 8743.66485523 4.0 7820.08799362 8981.60875604 3.0
7751.32252944 9262.32252944 83.0 8223.31181635 9740.41435133 84.0 7987.3171729 9501.36844038 83.5000451702 7669 9180 8192 9703 672.0 7748.49410231 9265.15095656 4.0 8220.10284571 9744.24873621 5.0
8223.31181635 9740.41435133 84.0 8647.01028078 10260.9813668 85.0 8435.16104857 10000.6978591 84.50005558 8192 9703 8623 10218 672.0 8220.10284571 9744.24873621 5.0 8645.05953514 10264.4734423 4.0
8647.01028078 10260.9813668 85.0 8992.62657947 10837.0151756 86.0 8819.81843012 10548.9982712 85.4999213227 8623 10218 8892 10679 672.0 8645.05953514 10264.4734423 4.0 8991.01513847 10839.5456415 3.0
8831.99303081 11177.1835252 87.0 8453.53274511 11416.9160807 88.0 8642.76288796 11297.049803 87.4999999829 8878 11148 8610 11318 448.0 8833.68190892 11176.112222 2.0 8454.37800307 11416.3817222 1.0
8453.53274511 11416.9160807 88.0 8069.55669245 11647.7003975 89.0 8261.54471878 11532.3082391 88.4999989176 8610 11318 8089 11636 447.99999999999994 8454.37800307 11416.3817222 1.0 8071.27033877 11646.6691767 2.0
8069.55669245 11647.7003975 89.0 7692.98387475 11889.7464242 90.0 7881.2702836 11768.7234109 89.5001990668 8089 11636 7744 11851 448.0 8071.27033877 11646.6691767 2.0 7693.78023115 11889.1415966 1.0
7692.98387475 11889.7464242 90.0 7935.31962698 11728.4802245 92.0 7814.15175087 11809.1133244 91.1854300843 7744 11851 7863 11772 447.99999999999994 7693.78023115 11889.1415966 1.0 7935.31962698 11728.4802245 0.0
7935.31962698 11728.4802245 92.0 8319.41489666 11497.883866 93.0 8127.36726182 11613.1820452 92.499999958 7863 11772 8089 11636 448.0 7935.31962698 11728.4802245 0.0 8320.27260761 11498.3979982 1.0
8319.41489666 11497.883866 93.0 8699.69616171 11261.103181 94.0 8509.55552919 11379.4935235 93.5000178749 8089 11636 8610 11318 448.00000000000006 8320.27260761 11498.3979982 1.0 8701.38503983 11262.1744843 2.0
8699.69616171 11261.103181 94.0 9077.9434678 11021.0357045 95.0 8888.81981476 11141.0694428 94.4999995416 8610 11318 8983 11081 447.99999999999994 8701.38503983 11262.1744843 2.0 9080.47993451 11022.6376835 3.0
9426.53766091 11555.5283065 96.0 9772.26332772 12131.7722129 97.0 9599.40049432 11843.6502597 96.4999998795 9097 11009 9659 11943 672.0 9424.4722137 11558.9537886 4.0 9770.71984045 12134.3446916 3.0
9772.26332772 12131.7722129 97.0 10118.0044754 12708.0074589 98.0 9945.13390154 12419.8898359 97.5 9659 11943 9989 12493 672.0 9770.71984045 12134.3446916 3.0 10115.9464923 12711.4374306 4.0
10118.0044754 12708.0074589 98.0 10507.4224538 13251.6999601 99.0 10312.7134646 12979.8537095 98.5005415561 9989 12493 10318 13043 672.0 10115.9464923 12711.4374306 4.0 10505.4062123 13253.9213944 3.0
