11545.4200157 7982.37420802 1.0 11191.4735241 7719.29491243 2.0 11368.4467699 7850.83456023 1.50109830919 11629 8025 11347 7884 448.0 11529.8346401 7974.42566646 17.495234949 11167.2320432 7693.6227867 35.3087445091
11191.4735241 7719.29491243 2.0 10879.7078734 7397.62109575 3.0 11035.5906988 7558.45800409 2.49998909213 11347 7884 11042 7561 448.0 11167.2320432 7693.6227867 35.3087445091 10858.2294815 7375.99887536 30.4769049029
10613.6607155 7089.60015987 4.0 10820.4555592 6875.03107396 5.0 10717.0581373 6982.31561691 4.5 10594 7110 10594 7110 298.0 10633.4520378 7110.13551686 28.5201214175 10815.0823732 6869.45588848 -7.74298527637
10820.4555592 6875.03107396 5.0 11027.5494881 6660.7509045 6.0 10924.0025236 6767.89098923 5.49999986722 10594 7110 10914 6778 298.0 10815.0823732 6869.45588848 -7.74298527637 11023.9685669 6657.05331167 -5.14734780925
11027.5494881 6660.7509045 6.0 11234.8629553 6446.68286318 7.0 11131.2062217 6553.71688384 6.5 10914 6778 10914 6778 298.0 11023.9685669 6657.05331167 -5.14734780925 11258.9643134 6471.56947855 34.6441782449
11234.8629553 6446.68286318 7.0 11427.9818179 6229.65454473 8.0 11331.4223866 6338.16870395 7.49759164508 10914 6778 11433 6241 298.0 11258.9643134 6471.56947855 34.6441782449 11440.2874564 6257.47598843 -30.4213982156
11427.9818179 6229.65454473 8.0 11307.4390255 5957.12301408 9.0 11367.7104217 6093.38877941 8.5 11433 6241 11433 6241 298.0 11440.2874564 6257.47598843 -30.4213982156 11325.0962985 5997.04380526 -43.651447385
11307.4390255 5957.12301408 9.0 11384.8413566 5753.45694882 10.0 11346.140191 5855.28998145 9.48488700116 11433 6241 11367 5763 298.0 11325.0962985 5997.04380526 -43.651447385 11356.4714494 5738.2823473 -32.173283405
11384.8413566 5753.45694882 10.0 11648.1519646 5613.92001864 11.0 11516.4966606 5683.68848373 10.5000003559 11367 5763 11496 5694 298.0 11356.4714494 5738.2823473 -32.173283405 11624.3864513 5601.41185378 -26.8561688962
11648.1519646 5613.92001864 11.0 11905.8676705 5603.06605173 12.0 11777.0098176 5608.49303519 11.4998478604 11496 5694 11800 5534 298.0 11624.3864513 5601.41185378 -26.8561688962 11896.8105195 5608.97476459 10.8141053009
11905.8676705 5603.06605173 12.0 11755.3871997 5825.84289425 13.0 11830.6274351 5714.45447299 12.482101204 11800 5534 12010 5671 298.0 11896.8105195 5608.97476459 10.8141053009 11782.1370542 5809.57495761 31.30815362
11755.3871997 5825.84289425 13.0 11742.0822744 6014.74487236 15.0 11748.734737 5920.29388331 13.8554247722 12010 5671 11637 5945 298.0 11782.1370542 5809.57495761 31.30815362 11754.3003275 6006.63554508 -14.6643107762
11742.0822744 6014.74487236 15.0 11990.8820373 6178.7627344 16.0 11866.4821558 6096.75380338 15.49999922 11637 5945 11863 6095 298.0 11754.3003275 6006.63554508 -14.6643107762 11955.9289911 6201.65697963 41.7835122994
11990.8820373 6178.7627344 16.0 11881.0606788 6334.4094401 17.0 11935.971358 6256.58608725 16.4739810918 11863 6095 12063 6226 298.0 11955.9289911 6201.65697963 41.7835122994 11849.6226451 6353.14194723 -36.5958575241
11881.0606788 6334.4094401 17.0 12062.2625496 6551.549733 18.0 11971.6616142 6442.97958655 17.4925819177 12063 6226 11870 6341 298.0 11849.6226451 6353.14194723 -36.5958575241 12087.7882911 6523.59609326 -37.8545829606
12062.2625496 6551.549733 18.0 12263.1450106 6771.66313693 19.0 12162.7037801 6661.60643496 18.500000341 11870 6341 12259 6767 298.0 12087.7882911 6523.59609326 -37.8545829606 12267.7567857 6766.47488997 -6.94164070947
12263.1450106 6771.66313693 19.0 12302.7829732 7056.00177064 20.0 12282.9639919 6913.83245379 19.4968967401 12259 6767 12299 6812 298.0 12267.7567857 6766.47488997 -6.94164070947 12303.0164626 7040.94170615 -15.0618743804
12302.7829732 7056.00177064 20.0 12307.4718879 7353.96487883 21.0 12305.1274305 7204.98332474 20.5000000003 12299 6812 12303 7070 298.0 12303.0164626 7040.94170615 -15.0618743804 12307.6002189 7345.81585447 -8.15003477994
12307.4718879 7353.96487883 21.0 12312.1642194 7651.92793363 22.0 12309.8180536 7502.94640623 21.5 12303 7070 12303 7070 298.0 12307.6002189 7345.81585447 -8.15003477994 12311.5908976 7688.33387021 36.4104506437
12312.1642194 7651.92793363 22.0 12318.1334916 7949.86754882 23.0 12315.1488555 7800.89774123 22.4999995615 12303 7070 12313 7705 298.0 12311.5908976 7688.33387021 36.4104506437 12319.1750237 7900.18646798 -49.6919971642
12421.5373338 8190.98000333 24.0 12868.2598427 8219.96708224 25.0 12644.8985883 8205.47354279 24.4998131878 12323 8182 12729 8219 448.0 12382.7471026 8194.51507367 38.9509789731 12844.7546164 8220.13031298 23.5057931239
12868.2598427 8219.96708224 25.0 13315.4818855 8242.45245549 26.0 13091.8708641 8231.20976887 25.499939386 12729 8219 13305 8242 447.99999999999994 12844.7546164 8220.13031298 23.5057931239 13314.841392 8242.48010269 0.641089927463
13458.8647525 8964.57397159 27.0 13308.8480452 9962.35951343 28.0 13383.8563989 9463.46674251 27.5 13480 8824 13480 8824 1009.0 13466.2058828 8915.74691901 49.3758367762 13307.0782455 9974.13073912 -11.9035265838
13308.8480452 9962.35951343 28.0 13073.1746923 10943.428201 29.0 13191.0113688 10452.8938572 28.4999997028 13480 8824 13308 9968 1008.9999999999999 13307.0782455 9974.13073912 -11.9035265838 13073.9418781 10940.2414295 3.277817404
13073.1746923 10943.428201 29.0 12680.9464894 11865.7876045 30.0 12877.0605909 11404.6079028 29.5021883555 13308 9968 12996 11264 1009.0 13073.9418781 10940.2414295 3.277817404 12673.5891418 11879.8409651 -15.8627711276
12380.2746031 12657.7205463 31.0 13014.4972112 12879.8594293 32.0 12697.3859071 12768.7899878 31.5 12284 12624 12284 12624 672.0 12376.4566675 12659.0577927 4.04535044236 12976.8593029 12893.04225 39.8798056783
13014.4972112 12879.8594293 32.0 13025.0541837 13350.9465742 33.0 13019.7756974 13115.4030017 32.4452549627 12284 12624 13099 13212 672.0 12976.8593029 12893.04225 39.8798056783 13020.1043721 13360.2474298 -10.5359645777
13025.0541837 13350.9465742 33.0 12730.1781166 13952.9081769 34.0 12877.6161502 13651.9273755 33.5002684563 13099 13212 12743 13915 672.0 13020.1043721 13360.2474298 -10.5359645777 12726.4250789 13964.0041147 -11.7134592194
12730.1781166 13952.9081769 34.0 12748.9794686 13898.6923583 36.0 12739.5787926 13925.8002676 34.7086567699 12743 13915 12743 13915 672.0 12726.4250789 13964.0041147 -11.7134592194 12749.9454142 13901.3267553 2.8059042341
12748.9794686 13898.6923583 36.0 13052.0147726 13300.2867579 37.0 12900.4971206 13599.4895581 36.5000552271 12743 13915 12975 13445 672.0 12749.9454142 13901.3267553 2.8059042341 13049.6224106 13295.7914325 -5.09228301854
13052.0147726 13300.2867579 37.0 12960.3361137 12860.8892987 38.0 13006.1754432 13080.5880283 37.5305161051 12975 13445 13072 12900 672.0 13049.6224106 13295.7914325 -5.09228301854 12983.7059545 12869.0746744 -24.7618624483
12960.3361137 12860.8892987 38.0 12326.1135056 12638.7504157 39.0 12643.2248097 12749.8198572 38.5 13072 12900 13072 12900 672.0 12983.7059545 12869.0746744 -24.7618624483 12329.6826526 12640.000523 -3.78174275867
12720.9114252 11789.4500867 40.0 13093.3422205 10859.655392 41.0 12907.1268228 11324.5527393 40.499715623 12284 12624 12996 11264 1008.9999999999999 12708.5839147 11765.9031565 -26.5786650458 13084.7818386 10824.0968826 -36.5744135564
13093.3422205 10859.655392 41.0 13321.659114 9877.1510089 42.0 13207.5006673 10368.4032004 41.4999424599 12996 11264 13308 9968 1009.0 13084.7818386 10824.0968826 -36.5744135564 13317.6766221 9850.66280692 -26.785912081
13321.659114 9877.1510089 42.0 13471.6758214 8879.36546705 43.0 13396.6674677 9378.25823798 42.5 13308 9968 13308 9968 1009.0 13317.6766221 9850.66280692 -26.785912081 13475.8327621 8907.01395622 27.9592401337
13277.3070371 8239.98072145 44.0 12830.0026341 8219.70140718 45.0 13053.6548356 8229.84106432 44.4998948672 13305 8242 13017 8221 448.0 13318.5732039 8242.98971278 -41.3757241529 12813.0928901 8219.5839784 16.9101517481
12830.0026341 8219.70140718 45.0 12383.4370912 8187.50781373 46.0 12606.7198626 8203.60461045 45.5000052355 13017 8221 12729 8219 448.0 12813.0928901 8219.5839784 16.9101517481 12389.5584778 8188.06567409 -6.14675382891
12383.4370912 8187.50781373 46.0 11938.5507475 8148.00922681 47.0 12160.9939193 8167.75852027 46.5000391118 12729 8219 11944 8149 448.0 12389.5584778 8188.06567409 -6.14675382891 11951.3270024 8150.33218225 -12.9857156651
11938.5507475 8148.00922681 47.0 11526.7845084 7972.90442724 48.0 11732.6676279 8060.45682703 47.500165429 11944 8149 11529 7974 448.0 11951.3270024 8150.33218225 -12.9857156651 11566.1262449 7992.35913209 -43.8891532213
11526.7845084 7972.90442724 48.0 11177.1219141 7704.09632218 49.0 11351.9532113 7838.50037471 48.4968146441 11529 7974 11347 7884 448.0 11566.1262449 7992.35913209 -43.8891532213 11209.5597093 7738.44847905 -47.247023586
11177.1219141 7704.09632218 49.0 10864.9761128 7382.79068496 50.0 11021.0490135 7543.44350357 49.4999829269 11347 7884 11042 7561 448.0 11209.5597093 7738.44847905 -47.247023586 10836.9712803 7354.59832015 39.7376405139
