6499.50715233 20966.6188922 41.0 6427.5021364 21034.5620867 42.0 6463.50464437 21000.5904894 41.4879079674 6515 20952 6515 20952 99.0 6501.90202569 20964.3591142 3.29272148025 6424.82716695 21037.0861604 -3.67782677629
6427.5021364 21034.5620867 42.0 6355.49712047 21102.5052812 43.0 6391.49962844 21068.5336839 42.4904493527 6515 20952 6515 20952 99.0 6424.82716695 21037.0861604 -3.67782677629 6348.22158175 21109.3704049 -10.0031688672
8403.66996256 19588.2274716 58.0 8396.67333121 19489.4750177 59.0 8400.17164689 19538.8512446 58.4978510768 8405 19607 8405 19607 99.00000000000001 8406.48487995 19627.9580198 -39.8301421776 8395.04789896 19466.5332025 22.9993242283
8396.67333121 19489.4750177 59.0 8389.67669986 19390.7225638 60.0 8393.17501554 19440.0987907 59.5317024446 8405 19607 8405 19607 99.00000000000001 8395.04789896 19466.5332025 22.9993242283 8390.70785767 19405.2766197 -14.5905390846
8389.67669986 19390.7225638 60.0 8382.68006851 19291.9701099 61.0 8386.17838419 19341.3463368 60.4951723949 8405 19607 8405 19607 99.00000000000001 8390.70785767 19405.2766197 -14.5905390846 8384.98450774 19324.4956236 -32.6070464802
8382.68006851 19291.9701099 61.0 8375.68343717 19193.217656 62.0 8379.18175284 19242.5938829 61.4232829147 8405 19607 8405 19607 99.00000000000001 8384.98450774 19324.4956236 -32.6070464802 8373.02750069 19155.7310098 37.5806152451
8375.68343717 19193.217656 62.0 8371.46829896 19094.4768439 63.0 8373.57586806 19143.84725 62.553506939 8405 19607 8370 19113 99.0 8373.02750069 19155.7310098 37.5806152451 8372.36798265 19105.8266998 11.3854581902
8371.46829896 19094.4768439 63.0 8379.29132059 18995.7864172 64.0 8375.37980977 19045.1316306 63.4462570747 8370 19113 8370 19113 99.0 8372.36798265 19105.8266998 11.3854581902 8382.13360466 19031.642924 35.9689818998
8379.29132059 18995.7864172 64.0 8394.65763199 18898.2550137 65.0 8386.97447629 18947.0207154 64.5176360303 8370 19113 8383 18949 99.0 8382.13360466 19031.642924 35.9689818998 8385.86341792 18859.9743171 -39.2778554423
8394.65763199 18898.2550137 65.0 8401.17390711 18799.869945 66.0 8397.91576955 18849.0624794 65.5210403192 8383 18949 8400 18875 99.0 8385.86341792 18859.9743171 -39.2778554423 8401.00814939 18789.2614507 -10.6097891919
8401.17390711 18799.869945 66.0 8395.17885181 18701.3835715 67.0 8398.17637946 18750.6267582 66.4878720037 8400 18875 8402 18747 99.0 8401.00814939 18789.2614507 -10.6097891919 8401.09306591 18740.9348783 -39.9910465006
8504.99243772 18323.4251045 76.0 8602.61287012 18339.8948094 77.0 8553.80265392 18331.6599569 76.5153269957 8378 18302 8378 18302 99.0 8539.90365545 18317.5351751 -35.4045815126 8624.66341277 18336.1746258 -22.3621599381
8602.61287012 18339.8948094 77.0 8700.23330252 18356.3645142 78.0 8651.42308632 18348.1296618 77.5204440157 8378 18302 8378 18302 99.0 8624.66341277 18336.1746258 -22.3621599381 8666.53379257 18362.0500144 34.1757499162
8732.83971005 18165.0692719 80.0 8730.16501108 18066.1054099 81.0 8731.50236056 18115.5873409 80.4416485733 8733 18171 8733 18171 99.0 8733.20299069 18178.5106555 -13.4462919091 8730.9645669 18095.6889753 -29.594368268
9925.19664755 12626.643229 108.0 9923.31723947 12725.6253881 109.0 9924.25694351 12676.1343085 108.646319966 9928 12479 9928 12479 99.0 9925.57205549 12606.8717442 19.7750484966 9923.78981152 12700.7365933 24.8932808825
9923.31723947 12725.6253881 109.0 9921.43783138 12824.6075472 110.0 9922.37753542 12775.1164677 109.461849107 9928 12479 9928 12479 99.0 9923.78981152 12700.7365933 24.8932808825 9922.15120134 12787.0367294 37.5775896869
9921.43783138 12824.6075472 110.0 9919.5584233 12923.5897064 111.0 9920.49812734 12874.0986268 110.450243718 9928 12479 9928 12479 99.0 9922.15120134 12787.0367294 37.5775896869 9919.75067348 12913.4645299 10.1270014513
9738.37135739 13173.0077587 115.0 9652.92708256 13223.0105176 116.0 9695.64921998 13198.0091381 115.530195704 9858 13103 9858 13103 99.0 9759.56671588 13160.6040441 24.557999866 9667.10187061 13214.715304 16.4236166717
9652.92708256 13223.0105176 116.0 9567.48280773 13273.0132765 117.0 9610.20494514 13248.0118971 116.484786554 9858 13103 9858 13103 99.0 9667.10187061 13214.715304 16.4236166717 9544.65402091 13286.3728881 -26.4505714366
9717.88854967 13184.9944822 119.0 9803.3328245 13134.9917233 120.0 9760.61068708 13159.9931027 119.425422866 9547 13285 9547 13285 99.0 9733.10659109 13193.900217 17.6323820908 9803.07459608 13134.8406057 -0.299196327097
9920.98729734 12848.3356734 125.0 9922.86670543 12749.3535143 126.0 9921.92700138 12798.8445938 125.556808671 9919 12953 9919 12953 99.0 9921.45358398 12872.8934362 24.5621892225 9922.50117757 12730.1023808 -19.2546034034
9922.86670543 12749.3535143 126.0 9924.74611351 12650.3713551 127.0 9923.80640947 12699.8624347 126.524481696 9919 12953 9919 12953 99.0 9922.50117757 12730.1023808 -19.2546034034 9924.21786878 12622.5504662 -27.8259035197
9924.74611351 12650.3713551 127.0 9926.62552159 12551.389196 128.0 9925.68581755 12600.8802756 127.454145993 9919 12953 9919 12953 99.0 9924.21786878 12622.5504662 -27.8259035197 9927.00844577 12571.5565358 20.1709748107
7699.4722418 9139.98738344 148.0 7759.45362913 9061.2267767 149.0 7729.46293546 9100.60708007 148.434831378 7669 9180 7669 9180 99.0 7720.71098772 9167.87564327 35.0548051564 7775.57333151 9082.39330179 26.6057623343
7759.45362913 9061.2267767 149.0 7819.43501647 8982.46616997 150.0 7789.4443228 9021.84647333 149.492719685 7669 9180 7669 9180 99.0 7775.57333151 9082.39330179 26.6057623343 7827.02173967 8992.42817567 12.5219777399
7819.43501647 8982.46616997 150.0 7879.4164038 8903.70556323 151.0 7849.42571013 8943.0858666 150.429681232 7669 9180 7669 9180 99.0 7827.02173967 8992.42817567 12.5219777399 7889.5317612 8916.98787831 16.6955188331
7879.4164038 8903.70556323 151.0 7939.3533236 8824.91111262 152.0 7909.3848637 8864.30833793 151.492662383 7669 9180 7883 8899 99.0 7889.5317612 8916.98787831 16.6955188331 7943.76798597 8830.71516112 7.29220287389
7939.3533236 8824.91111262 152.0 7999.28741787 8746.11451153 153.0 7969.32037074 8785.51281208 152.473448182 7883 8899 7883 8899 99.0 7943.76798597 8830.71516112 7.29220287389 7979.13095928 8719.61439592 -33.2947285601
7999.28741787 8746.11451153 153.0 8059.22151214 8667.31791043 154.0 8029.25446501 8706.71621098 153.438615091 7883 8899 7883 8899 99.0 7979.13095928 8719.61439592 -33.2947285601 8053.10541798 8659.27695415 -10.1026524102
7950.57052011 8539.80803347 156.0 7872.28550566 8479.20723716 157.0 7911.42801288 8509.50763532 156.499725883 8080 8640 8080 8640 99.0 7934.65920691 8527.49101141 20.1216033187 7888.00749416 8491.37770209 -19.8821814392
7872.28550566 8479.20723716 157.0 7794.00049121 8418.60644086 158.0 7833.14299844 8448.90683901 157.484997198 8080 8640 8080 8640 99.0 7888.00749416 8491.37770209 -19.8821814392 7813.01201598 8433.32335122 -24.0421613993
7794.00049121 8418.60644086 158.0 7717.07726581 8357.37741789 159.0 7755.53887851 8387.99192937 158.515174649 8080 8640 7717 8359 99.0 7813.01201598 8433.32335122 -24.0421613993 7715.18168323 8317.57018355 -39.8523416989
7427.36251464 8357.10162613 164.0 7353.89435301 8290.74328659 165.0 7390.62843382 8323.92245636 164.48869352 7559 8476 7559 8476 99.0 7426.16171064 8356.01702897 1.6181103915 7350.89982227 8288.03854915 4.03519751276
7220.70353452 8359.24867548 167.0 7156.94161897 8434.98121885 168.0 7188.82257674 8397.11494716 167.493405835 7311 8252 7311 8252 99.00000000000001 7223.03965019 8356.47397871 3.62717225874 7170.54024731 8418.82959131 21.1139234879
7156.94161897 8434.98121885 168.0 7093.17970342 8510.71376222 169.0 7125.06066119 8472.84749054 168.57742738 7311 8252 7311 8252 99.00000000000001 7170.54024731 8418.82959131 21.1139234879 7097.55723794 8505.51439172 6.79678322235
9528.05703723 19625.1373118 236.0 9485.38158598 19536.200512 237.0 9506.7193116 19580.6689119 236.526643516 9555 19690 9501 19560 99.0 9515.06192021 19593.8527709 33.8761799815 9468.2997826 19510.1710973 31.133879224
11069.6180432 25137.5035188 274.0 11168.5962073 25135.6092091 275.0 11119.1071253 25136.556364 274.512920792 11051 25138 11126 25136 99.0 11065.4146109 25137.3914273 -4.20492661189 11130.4570959 25135.259309 -38.1407163903
11639.0730084 25204.3387245 279.0 11637.5522382 25303.3270432 280.0 11638.3126233 25253.8328838 279.47084542 11640 25144 11640 25144 99.0 11639.3186306 25188.3509542 15.9896568742 11637.9892904 25274.8789183 28.451481977
11637.5522382 25303.3270432 280.0 11636.0314679 25402.315362 281.0 11636.791853 25352.8212026 280.4773378 11640 25144 11640 25144 99.0 11637.9892904 25274.8789183 28.451481977 11635.7957956 25417.6554854 -15.3419335513
11636.0314679 25402.315362 281.0 11634.5106976 25501.3036808 282.0 11635.2710828 25451.8095214 281.495099507 11640 25144 11640 25144 99.0 11635.7957956 25417.6554854 -15.3419335513 11634.9521033 25472.5721864 28.7348849301
11634.5106976 25501.3036808 282.0 11632.9899274 25600.2919996 283.0 11633.7503125 25550.7978402 282.532066443 11640 25144 11640 25144 99.0 11634.9521033 25472.5721864 28.7348849301 11632.5661288 25627.8774345 -27.5886901479
11632.9899274 25600.2919996 283.0 11631.4691571 25699.2803184 284.0 11632.2295422 25649.786159 283.551446447 11640 25144 11640 25144 99.0 11632.5661288 25627.8774345 -27.5886901479 11631.2697424 25712.2604016 -12.9816149443
11631.4691571 25699.2803184 284.0 11629.9483869 25798.2686372 285.0 11630.708772 25748.7744778 284.489710205 11640 25144 11640 25144 99.0 11631.2697424 25712.2604016 -12.9816149443 11630.5243556 25760.7783105 37.4947507928
11518.3985819 26056.9253198 288.0 11508.0978729 26155.3879797 289.0 11513.2482274 26106.1566497 288.571580149 11539 25860 11539 25860 99.0 11519.1782589 26049.472525 7.49346687372 11508.5835717 26150.7452705 4.668045872
11344.7259296 26236.1110225 292.0 11250.3763226 26266.0 293.0 11297.5511261 26251.0555112 292.42597758 11505 26185 11251 26266 99.0 11309.5797824 26247.3190458 -36.8899911533 11250.3763226 26230.5463528 35.4536471524
11250.3763226 26266.0 293.0 11151.3763226 26266.0 294.0 11200.8763226 26266.0 293.486740855 11251 26266 11251 26266 99.0 11250.3763226 26230.5463528 35.4536471524 11151.3763226 26233.3668512 32.6331488222
11151.3763226 26266.0 294.0 11052.4555133 26263.5928781 295.0 11101.9159179 26264.7964391 294.48848637 11251 26266 11089 26266 99.0 11151.3763226 26233.3668512 32.6331488222 11063.7211462 26264.3349258 -11.2900452031
11052.4555133 26263.5928781 295.0 10953.6695791 26257.0860202 296.0 11003.0625462 26260.3394491 295.482817644 11089 26266 11089 26266 99.0 11063.7211462 26264.3349258 -11.2900452031 10938.7957113 26256.1063043 14.9060989278
10908.5902185 26420.7133926 298.0 10900.0818796 26519.3470997 299.0 10904.3360491 26470.0302462 298.517068887 10914 26358 10914 26358 99.0 10911.2285941 26390.1277801 30.6991974258 10901.4336089 26503.677052 15.7282410344
10900.0818796 26519.3470997 299.0 10891.5735406 26617.9808068 300.0 10895.8277101 26568.6639532 299.491336856 10914 26358 10914 26358 99.0 10901.4336089 26503.677052 15.7282410344 10893.5064747 26595.5730891 22.490932466
10742.3146587 26673.0699644 302.0 10643.7626225 26682.4772042 303.0 10693.0386406 26677.7735843 302.495620842 10764 26671 10764 26671 99.0 10765.8131143 26670.82693 23.6052667219 10626.1262297 26684.1606781 -17.7165582752
10643.7626225 26682.4772042 303.0 10545.2105863 26691.884444 304.0 10594.4866044 26687.1808241 303.483874199 10764 26671 10764 26671 99.0 10626.1262297 26684.1606781 -17.7165582752 10507.9699004 26695.4392368 -37.4099617374
11864.3420513 28678.5883483 349.0 11919.3631352 28596.285977 350.0 11891.8525932 28637.4371627 349.444481252 11840 28715 11840 28715 99.0 11872.2551517 28690.4250278 14.2381227402 11923.2432454 28602.0899752 6.98152213178
11919.3631352 28596.285977 350.0 11974.3842191 28513.9836057 351.0 11946.8736771 28555.1347913 350.517110139 11840 28715 11840 28715 99.0 11923.2432454 28602.0899752 6.98152213178 11993.4750988 28542.54038 34.3504155605
11974.3842191 28513.9836057 351.0 12029.405303 28431.6812343 352.0 12001.894761 28472.83242 351.523595396 11840 28715 11840 28715 99.0 11993.4750988 28542.54038 34.3504155605 12034.0855651 28438.6821265 8.42124363972
12029.405303 28431.6812343 352.0 12085.5857409 28350.3226895 353.0 12057.4955219 28391.0019619 352.522805576 11840 28715 12080 28356 99.0 12034.0855651 28438.6821265 8.42124363972 12067.7613996 28332.2061459 -25.4148833344
12221.6535815 28212.7886821 355.0 12297.7074882 28149.4104265 356.0 12259.6805348 28181.0995543 355.528369588 12141 28280 12141 28280 99.0 12192.7028332 28188.6630586 -37.6854286941 12317.5407028 28165.9381054 25.8170597653
12297.7074882 28149.4104265 356.0 12373.7613948 28086.032171 357.0 12335.7344415 28117.7212988 356.46942241 12141 28280 12141 28280 99.0 12317.5407028 28165.9381054 25.8170597653 12369.2406779 28082.2649069 -5.88465460809
12461.8446546 27911.3356085 359.0 12501.6921412 27820.709024 360.0 12481.7683979 27866.0223163 359.538500928 12451 27936 12451 27936 99.0 12448.4057569 27880.7710357 -33.3885771462 12487.5962198 27788.6501586 -35.0209344713
12501.6921412 27820.709024 360.0 12541.5396277 27730.0824395 361.0 12521.6158845 27775.3957318 360.492848702 12451 27936 12451 27936 99.0 12487.5962198 27788.6501586 -35.0209344713 12547.6612963 27744.0051724 15.2091194898
12541.5396277 27730.0824395 361.0 12585.7033319 27641.65008 362.0 12563.6214798 27685.8662598 361.450226959 12451 27936 12564 27679 99.0 12547.6612963 27744.0051724 15.2091194898 12587.8527965 27645.3491585 4.27824497509
12585.7033319 27641.65008 362.0 12635.8607291 27556.2975196 363.0 12610.7820305 27598.9737998 362.510908795 12564 27679 12607 27605 99.0 12587.8527965 27645.3491585 4.27824497509 12650.2333655 27580.5513436 28.1925638156
12635.8607291 27556.2975196 363.0 12686.5717566 27471.27275 364.0 12661.2162428 27513.7851348 363.521799885 12607 27605 12671 27497 99.0 12650.2333655 27580.5513436 28.1925638156 12704.53101 27500.9445601 34.6835853649
12686.5717566 27471.27275 364.0 12735.085283 27385.1170986 365.0 12710.8285198 27428.1949243 364.563967081 12671 27497 12734 27389 98.99999999999999 12704.53101 27500.9445601 34.6835853649 12735.9049543 27388.0497005 3.044998388
12735.085283 27385.1170986 365.0 12761.7347103 27289.7713697 366.0 12748.4099967 27337.4442342 365.519117658 12734 27389 12734 27389 98.99999999999999 12735.9049543 27388.0497005 3.044998388 12770.0170507 27319.4037431 30.7680795309
12761.7347103 27289.7713697 366.0 12788.3841377 27194.4256408 367.0 12775.059424 27242.0985052 366.467493704 12734 27389 12734 27389 98.99999999999999 12770.0170507 27319.4037431 30.7680795309 12782.7230789 27174.1716306 -21.0302761112
12788.3841377 27194.4256408 367.0 12815.033565 27099.0799119 368.0 12801.7088513 27146.7527763 367.423052633 12734 27389 12734 27389 98.99999999999999 12782.7230789 27174.1716306 -21.0302761112 12811.0463407 27084.8145093 -14.8121460029
12815.033565 27099.0799119 368.0 12841.6829923 27003.734183 369.0 12828.3582787 27051.4070474 368.550322033 12734 27389 12734 27389 98.99999999999999 12811.0463407 27084.8145093 -14.8121460029 12846.9465789 27022.5661258 19.5537059406
12841.6829923 27003.734183 369.0 12868.3324197 26908.388454 370.0 12855.007706 26956.0613185 369.474514186 12734 27389 12734 27389 98.99999999999999 12846.9465789 27022.5661258 19.5537059406 12867.3295475 26904.8004002 -3.72557149653
12868.3324197 26908.388454 370.0 12826.6554386 26819.2644857 371.0 12847.4939291 26863.8264699 370.47155917 12734 27389 12869 26906 99.0 12867.3295475 26904.8004002 -3.72557149653 12818.1657466 26801.8748192 19.3513660763
12826.6554386 26819.2644857 371.0 12783.2228715 26730.3003799 372.0 12804.939155 26774.7824328 371.457414219 12869 26906 12869 26906 99.0 12818.1657466 26801.8748192 19.3513660763 12776.433669 26716.3938721 15.4752780203
12783.2228715 26730.3003799 372.0 12739.7903044 26641.3362741 373.0 12761.506588 26685.818327 372.49697822 12869 26906 12869 26906 99.0 12776.433669 26716.3938721 15.4752780203 12732.8636458 26627.1482113 15.7885948519
12739.7903044 26641.3362741 373.0 12696.3577374 26552.3721683 374.0 12718.0740209 26596.8542212 373.457397649 12869 26906 12869 26906 99.0 12732.8636458 26627.1482113 15.7885948519 12688.4596651 26536.1943326 18.0028307599
12696.3577374 26552.3721683 374.0 12652.9251703 26463.4080625 375.0 12674.6414538 26507.8901154 374.376915081 12869 26906 12869 26906 99.0 12688.4596651 26536.1943326 18.0028307599 12651.2770876 26460.0322501 3.75663226154
12652.9251703 26463.4080625 375.0 12609.4926032 26374.4439568 376.0 12631.2088867 26418.9260097 375.56197577 12869 26906 12869 26906 99.0 12651.2770876 26460.0322501 3.75663226154 12621.194183 26398.4126201 -26.6725287839
12609.4926032 26374.4439568 376.0 12564.862877 26286.0771819 377.0 12587.1777401 26330.2605693 376.487434649 12869 26906 12600 26355 99.0 12621.194183 26398.4126201 -26.6725287839 12551.7684139 26260.3918887 28.830526355
12564.862877 26286.0771819 377.0 12519.8983197 26197.8774733 378.0 12542.3805984 26241.9773276 377.51839124 12600 26355 12600 26355 99.0 12551.7684139 26260.3918887 28.830526355 12521.1570091 26200.3464409 -2.77129922058
12519.8983197 26197.8774733 378.0 12479.7528166 26107.5564445 379.0 12499.8255682 26152.7169589 378.436325361 12600 26355 12496 26151 99.0 12521.1570091 26200.3464409 -2.77129922058 12490.4179782 26136.0741591 -30.4467686547
12479.7528166 26107.5564445 379.0 12445.074227 26014.8289112 380.0 12462.4135218 26061.1926778 379.511155536 12496 26151 12496 26151 99.0 12490.4179782 26136.0741591 -30.4467686547 12445.6039108 26016.2452397 -1.5121347196
12445.074227 26014.8289112 380.0 12410.3956373 25922.101378 381.0 12427.7349321 25968.4651446 380.4616456 12496 26151 12496 26151 99.0 12445.6039108 26016.2452397 -1.5121347196 12405.4596099 25908.90287 14.0913086084
12315.7687952 25839.5302072 390.0 12218.1747213 25856.0138804 391.0 12266.9717582 25847.7720438 390.424039718 12377 25829 12220 25856 99.0 12340.3408665 25835.304437 24.9327861421 12184.0473275 25856.2734044 -34.1283805664
12218.1747213 25856.0138804 391.0 12119.1775837 25856.7667104 392.0 12168.6761525 25856.3902954 391.471024873 12220 25856 12220 25856 99.0 12184.0473275 25856.2734044 -34.1283805664 12147.295278 25856.5528876 28.1185072875
12119.1775837 25856.7667104 392.0 12020.1804462 25857.5195403 393.0 12069.6790149 25857.1431254 392.523611437 12220 25856 12220 25856 99.0 12147.295278 25856.5528876 28.1185072875 12034.4291303 25857.4111853 14.249096109
11960.0502567 25723.2167835 395.0 11962.2901358 25624.2421254 396.0 11961.1701962 25673.7294544 395.514528835 11957 25858 11957 25858 99.0 11959.3050322 25690.2871762 -32.9380387509 11961.5168605 25590.0730238 -34.1778503832
11962.2901358 25624.2421254 396.0 11964.5300149 25525.2674673 397.0 11963.4100753 25574.7547964 396.491982288 11957 25858 11957 25858 99.0 11961.5168605 25590.0730238 -34.1778503832 11964.0283868 25503.1017757 -22.1713670421
11964.5300149 25525.2674673 397.0 11966.769894 25426.2928093 398.0 11965.6499544 25475.7801383 397.527072028 11957 25858 11957 25858 99.0 11964.0283868 25503.1017757 -22.1713670421 11966.1048085 25396.9043448 -29.3959892536
11966.769894 25426.2928093 398.0 11969.0097731 25327.3181512 399.0 11967.8898335 25376.8054802 398.531944326 11957 25858 11957 25858 99.0 11966.1048085 25396.9043448 -29.3959892536 11969.6640533 25356.2291586 28.9184098934
11969.0097731 25327.3181512 399.0 11971.2496522 25228.3434931 400.0 11970.1297127 25277.8308221 399.48148189 11957 25858 11957 25858 99.0 11969.6640533 25356.2291586 28.9184098934 11971.2670687 25229.1130836 0.769787586662
