15725.814278 8441.76840589 1.0 15667.628556 8451.53681177 2.0 15696.721417 8446.65260883 1.47316077494 15784 8432 15784 8432 59.0 15726.8879742 8441.58815032 1.08872202768 15644.152522 8455.47804375 -23.80456845
15667.628556 8451.53681177 2.0 15609.1100474 8451.17273206 3.0 15638.3693017 8451.35477191 2.48764638734 15784 8432 15647 8455 59.0 15644.152522 8455.47804375 -23.80456845 15647.9570555 8455.09667227 -39.0446839632
15609.1100474 8451.17273206 3.0 15550.4087532 8445.2433084 4.0 15579.7594003 8448.20802023 3.51588620535 15647 8455 15647 8455 59.0 15647.9570555 8455.09667227 -39.0446839632 15578.0600993 8448.03637367 -27.7920520423
15550.4087532 8445.2433084 4.0 15493.443572 8430.00739384 5.0 15521.9261626 8437.62535112 4.52709798981 15647 8455 15548 8445 58.99999999999999 15578.0600993 8448.03637367 -27.7920520423 15455.7980463 8419.66205851 39.0411523071
15493.443572 8430.00739384 5.0 15436.552679 8414.37325529 6.0 15464.9981255 8422.19032457 5.5021549885 15548 8445 15548 8445 58.99999999999999 15455.7980463 8419.66205851 39.0411523071 15438.8075512 8414.99291483 -2.33846673809
14082.3601003 11285.7797901 40.0 14128.4965214 11322.5551982 41.0 14105.4283108 11304.1674941 40.4909556399 14045 11256 14045 11256 59.0 14102.3663031 11269.8328168 -25.5842550782 14117.1935122 11331.5648432 14.4544705927
14128.4965214 11322.5551982 41.0 14174.6329425 11359.3306064 42.0 14151.564732 11340.9429023 41.5169027411 14045 11256 14045 11256 59.0 14117.1935122 11331.5648432 14.4544705927 14192.0553888 11345.4431492 -22.280105442
14174.6329425 11359.3306064 42.0 14220.8047299 11396.0615924 43.0 14197.7188362 11377.6960994 42.4935425299 14045 11256 14183 11366 59.0 14192.0553888 11345.4431492 -22.280105442 14226.9666441 11391.1617571 -7.87258362523
14220.8047299 11396.0615924 43.0 14266.9843519 11432.7827377 44.0 14243.8945409 11414.4221651 43.4636148197 14183 11366 14183 11366 59.0 14226.9666441 11391.1617571 -7.87258362523 14254.2537556 11442.9058625 16.2648621131
14266.9843519 11432.7827377 44.0 14313.163974 11469.5038829 45.0 14290.074163 11451.1433103 44.489006349 14183 11366 14183 11366 59.0 14254.2537556 11442.9058625 16.2648621131 14332.2263736 11454.3458302 -24.354499347
14383.9146623 11561.2139149 47.0 14412.4400359 11612.8598544 48.0 14398.1773491 11587.0368847 47.5272003839 14349 11498 14349 11498 59.00000000000001 14394.0560615 11542.8526449 -20.9758007158 14418.0337814 11602.7322309 -11.5697340491
14412.4400359 11612.8598544 48.0 14440.9654094 11664.5057939 49.0 14426.7027226 11638.6828241 48.5084931637 14349 11498 14349 11498 59.00000000000001 14418.0337814 11602.7322309 -11.5697340491 14459.5374005 11630.8807153 -38.4130806122
14440.9654094 11664.5057939 49.0 14469.7666685 11715.9982749 50.0 14455.366039 11690.2520344 49.500631005 14349 11498 14444 11670 59.0 14459.5374005 11630.8807153 -38.4130806122 14474.9514163 11706.74254 -10.6089697592
14469.7666685 11715.9982749 50.0 14498.6007709 11767.4724873 51.0 14484.1837197 11741.7353811 50.505844726 14444 11670 14444 11670 59.0 14474.9514163 11706.74254 -10.6089697592 14498.1290724 11768.3145565 0.965183845493
14498.6007709 11767.4724873 51.0 14527.4348733 11818.9466997 52.0 14513.0178221 11793.2095935 51.5028478284 14444 11670 14444 11670 59.0 14498.1290724 11768.3145565 0.965183845493 14532.9803827 11809.0469385 -11.347155869
14527.4348733 11818.9466997 52.0 14556.2689757 11870.4209121 53.0 14541.8519245 11844.6838059 52.5014068688 14444 11670 14444 11670 59.0 14532.9803827 11809.0469385 -11.347155869 14557.8146852 11867.6615343 -3.16281269541
14556.2689757 11870.4209121 53.0 14585.0409222 11921.9297098 54.0 14570.654949 11896.175311 53.4981766132 14444 11670 14579 11911 59.0 14557.8146852 11867.6615343 -3.16281269541 14603.4969181 11888.5376762 -38.1530037501
14585.0409222 11921.9297098 54.0 14613.5813685 11973.5673214 55.0 14599.3111454 11947.7485156 54.4937344365 14579 11911 14579 11911 59.0 14603.4969181 11888.5376762 -38.1530037501 14605.6366909 11987.9414545 16.4235685791
14613.5813685 11973.5673214 55.0 14642.1218148 12025.2049329 56.0 14627.8515917 11999.3861272 55.5167191799 14579 11911 14579 11911 59.0 14605.6366909 11987.9414545 16.4235685791 14655.0071043 12001.8918576 -26.6370074434
14642.1218148 12025.2049329 56.0 14670.6622611 12076.8425445 57.0 14656.3920379 12051.0237387 56.4720687699 14579 11911 14579 11911 59.0 14655.0071043 12001.8918576 -26.6370074434 14657.7113921 12100.2742714 26.7725761021
14670.6622611 12076.8425445 57.0 14699.2027073 12128.480156 58.0 14684.9324842 12102.6613503 57.5041634043 14579 11911 14579 11911 59.0 14657.7113921 12100.2742714 26.7725761021 14696.1743084 12133.9593727 6.2604324909
14699.2027073 12128.480156 58.0 14727.7431536 12180.1177676 59.0 14713.4729305 12154.2989618 58.5097830857 14579 11911 14579 11911 59.0 14696.1743084 12133.9593727 6.2604324909 14740.6877907 12156.6973159 -26.7596933931
14727.7431536 12180.1177676 59.0 14756.2835999 12231.7553791 60.0 14742.0133767 12205.9365734 59.4616591449 14579 11911 14579 11911 59.0 14740.6877907 12156.6973159 -26.7596933931 14769.8009987 12207.2986421 -27.9437302411
14756.2835999 12231.7553791 60.0 14784.7796176 12283.4174865 61.0 14770.5316087 12257.5864328 60.5079766622 14579 11911 14773 12262 59.0 14769.8009987 12207.2986421 -27.9437302411 14778.1458728 12295.4788407 13.7652764273
14784.7796176 12283.4174865 61.0 14812.9488011 12335.2580726 62.0 14798.8642093 12309.3377796 61.5202069647 14773 12262 14795 12302 59.0 14778.1458728 12295.4788407 13.7652764273 14825.0633069 12312.8106059 -25.5078421971
14812.9488011 12335.2580726 62.0 14840.9698246 12387.1793808 63.0 14826.9593128 12361.2187267 62.5261284085 14795 12302 14795 12302 59.0 14825.0633069 12312.8106059 -25.5078421971 14844.1838342 12381.2240101 -6.76729621887
14840.9698246 12387.1793808 63.0 14868.990848 12439.100689 64.0 14854.9803363 12413.1400349 63.49219748 14795 12302 14795 12302 59.0 14844.1838342 12381.2240101 -6.76729621887 14880.7815113 12417.2532836 -24.8259715378
14868.990848 12439.100689 64.0 14897.0118715 12491.0219972 65.0 14883.0013598 12465.0613431 64.5034215036 14795 12302 14795 12302 59.0 14880.7815113 12417.2532836 -24.8259715378 14903.3905763 12479.2026324 -13.430757899
14897.0118715 12491.0219972 65.0 14925.032895 12542.9433054 66.0 14911.0223832 12516.9826513 65.4936551541 14795 12302 14795 12302 59.0 14903.3905763 12479.2026324 -13.430757899 14942.9130058 12509.8125119 -37.6476804276
15034.8220305 12525.143669 68.0 15065.3390554 12575.638334 69.0 15050.080543 12550.3910015 68.5073806532 15016 12494 15016 12494 59.0 15017.677108 12553.5123294 33.1470852504 15074.9058706 12559.8087068 -18.4959738667
15065.3390554 12575.638334 69.0 15095.8560804 12626.1329989 70.0 15080.5975679 12600.8856665 69.4966767498 15016 12494 15016 12494 59.0 15074.9058706 12559.8087068 -18.4959738667 15084.5997749 12644.758123 21.7623449641
15095.8560804 12626.1329989 70.0 15126.3731053 12676.6276639 71.0 15111.1145928 12651.3803314 70.5146891246 15016 12494 15016 12494 59.0 15084.5997749 12644.758123 21.7623449641 15134.3440094 12663.4386937 -15.4105239195
15126.3731053 12676.6276639 71.0 15156.8901302 12727.1223289 72.0 15141.6316177 12701.8749964 71.5264860961 15016 12494 15016 12494 59.0 15134.3440094 12663.4386937 -15.4105239195 15147.6404248 12742.4272538 17.8828906641
15156.8901302 12727.1223289 72.0 15187.4071551 12777.6169938 73.0 15172.1486427 12752.3696613 72.4773415997 15016 12494 15016 12494 59.0 15147.6404248 12742.4272538 17.8828906641 15181.6513844 12787.1407175 11.127902296
15148.9659501 12714.0106701 75.0 15118.4489252 12663.5160051 76.0 15133.7074377 12688.7633376 75.4994578258 15210 12815 15210 12815 59.0 15153.6018363 12721.681389 -8.96277686413 15128.1812524 12679.619495 -18.8159660417
15118.4489252 12663.5160051 76.0 15087.9319003 12613.0213402 77.0 15103.1904127 12638.2686726 76.494229396 15210 12815 15210 12815 59.0 15128.1812524 12679.619495 -18.8159660417 15078.5428265 12597.4858109 18.1523380068
15087.9319003 12613.0213402 77.0 15057.4148754 12562.5266752 78.0 15072.6733878 12587.7740077 77.518252474 15210 12815 15210 12815 59.0 15078.5428265 12597.4858109 18.1523380068 15071.8283871 12586.3758364 -27.866320342
15057.4148754 12562.5266752 78.0 15026.8978504 12512.0320102 79.0 15042.1563629 12537.2793427 78.4901753907 15210 12815 15210 12815 59.0 15071.8283871 12586.3758364 -27.866320342 15024.9938034 12508.8814994 3.68118376948
14917.7568372 12529.4611984 82.0 14889.7358138 12477.5398902 83.0 14903.7463255 12503.5005443 82.4811943079 14931 12554 14931 12554 59.0 14913.8970486 12522.309237 8.12702402502 14880.1756812 12459.825527 20.1294509613
14889.7358138 12477.5398902 83.0 14861.7147903 12425.618582 84.0 14875.725302 12451.5792361 83.5052487723 14931 12554 14931 12554 59.0 14880.1756812 12459.825527 20.1294509613 14873.0772359 12446.6725254 -23.9243328409
14861.7147903 12425.618582 84.0 14833.6937668 12373.6972738 85.0 14847.7042786 12399.6579279 84.5076879352 14931 12554 14931 12554 59.0 14873.0772359 12446.6725254 -23.9243328409 14837.0101902 12379.8424113 -6.9829348321
14833.6937668 12373.6972738 85.0 14805.6727434 12321.7759656 86.0 14819.6832551 12347.7366197 85.4960081291 14931 12554 14931 12554 59.0 14837.0101902 12379.8424113 -6.9829348321 14811.1745751 12331.9705363 -11.5844474871
14805.6727434 12321.7759656 86.0 14777.3965307 12269.9936922 87.0 14791.534637 12295.8848289 86.5035796619 14931 12554 14795 12302 59.0 14811.1745751 12331.9705363 -11.5844474871 14791.6003998 12295.8189086 -29.4735763264
14777.3965307 12269.9936922 87.0 14748.8726666 12218.346938 88.0 14763.1345986 12244.1703151 87.4817502182 14795 12302 14773 12262 59.0 14791.6003998 12295.8189086 -29.4735763264 14740.8010781 12203.7431878 16.6859240561
14748.8726666 12218.346938 88.0 14720.3322203 12166.7093265 89.0 14734.6024435 12192.5281322 88.5238735564 14773 12262 14773 12262 59.0 14740.8010781 12203.7431878 16.6859240561 14726.616373 12178.0791079 -12.990862372
14720.3322203 12166.7093265 89.0 14691.7917741 12115.0717149 90.0 14706.0619972 12140.8905207 89.5274570499 14773 12262 14773 12262 59.0 14726.616373 12178.0791079 -12.990862372 14681.5212403 12096.4894605 21.2316754429
