15637.1606344 8107.90551655 4.0 15639.6212 8206.87493414 5.0 15638.3909172 8157.39022535 4.49332584369 15635 8021 15635 8021 99.0 15638.1014979 8070.06189597 -37.8553145896 15639.5930212 8208.00834978 1.13376588171
15639.6212 8206.87493414 5.0 15642.0817657 8305.84435172 6.0 15640.8514828 8256.35964293 5.4556055164 15635 8021 15635 8021 99.0 15639.5930212 8208.00834978 1.13376588171 15641.3532522 8335.14677997 29.3114829586
15642.0817657 8305.84435172 6.0 15644.9083997 8404.80159316 7.0 15643.4950827 8355.32297244 6.47351237843 15635 8021 15644 8383 99.0 15641.3532522 8335.14677997 29.3114829586 15644.9685735 8403.35742179 -1.44542445347
15644.9083997 8404.80159316 7.0 15649.0877138 8503.71332085 8.0 15646.9980567 8454.25745701 7.51142758463 15644 8383 15647 8455 99.0 15644.9685735 8403.35742179 -1.44542445347 15648.0868638 8527.06648594 23.3746020299
15649.0877138 8503.71332085 8.0 15653.2932265 8602.62388772 9.0 15651.1904701 8553.16860429 8.40810572584 15647 8455 15653 8595 99.0 15648.0868638 8527.06648594 23.3746020299 15653.7410502 8590.98047049 -11.6520260492
15653.2932265 8602.62388772 9.0 15658.4047464 8701.13133933 10.0 15655.8489864 8651.87761352 9.52967647327 15653 8595 15657 8699 99.0 15653.7410502 8590.98047049 -11.6520260492 15655.0150435 8706.27433676 6.15958667808
15658.4047464 8701.13133933 10.0 15720.0367763 8778.04776964 11.0 15689.2207613 8739.58955448 10.4104088686 15657 8699 15686 8743 99.0 15655.0150435 8706.27433676 6.15958667808 15701.3664235 8797.27268735 26.7988718753
15720.0367763 8778.04776964 11.0 15789.0085201 8849.06817909 12.0 15754.5226482 8813.55797437 11.5996314003 15686 8743 15686 8743 99.0 15701.3664235 8797.27268735 26.7988718753 15788.6032096 8849.48552847 0.581770636745
15789.0085201 8849.06817909 12.0 15857.9802639 8920.08858854 13.0 15823.494392 8884.57838382 12.5799674302 15686 8743 15686 8743 99.0 15788.6032096 8849.48552847 0.581770636745 15866.2947338 8911.52715421 -11.9343440211
15857.9802639 8920.08858854 13.0 15926.9520077 8991.10899799 14.0 15892.4661358 8955.59879327 13.4652937112 15686 8743 15686 8743 99.0 15866.2947338 8911.52715421 -11.9343440211 15923.3938399 8994.77285394 5.10728876091
15926.9520077 8991.10899799 14.0 15995.9237515 9062.12940744 15.0 15961.4378796 9026.61920271 14.4512518836 15686 8743 15686 8743 99.0 15923.3938399 8994.77285394 5.10728876091 16009.0664328 9048.5963494 -18.8646159136
15995.9237515 9062.12940744 15.0 16064.8954952 9133.14981689 16.0 16030.4096234 9097.63961216 15.5336224022 15686 8743 15686 8743 99.0 16009.0664328 9048.5963494 -18.8646159136 16045.983799 9152.62324672 27.145289204
16124.7844474 9317.18641569 18.0 16149.5578259 9413.00161051 19.0 16137.1711367 9365.0940131 18.5222916606 16090 9159 16132 9350 99.0 16131.8990784 9284.83178418 -33.1276342959 16140.3130307 9446.17411071 34.4366230416
16149.5578259 9413.00161051 19.0 16176.1351914 9508.36745157 20.0 16162.8465087 9460.68453104 19.4507636238 16132 9350 16132 9350 99.0 16140.3130307 9446.17411071 34.4366230416 16173.8729454 9516.48492259 8.42680797854
16176.1351914 9508.36745157 20.0 16202.3045148 9603.8378942 21.0 16189.2198531 9556.10267289 20.4770483355 16132 9350 16200 9594 99.0 16173.8729454 9516.48492259 8.42680797854 16194.3005596 9638.00650285 35.0935480643
16202.3045148 9603.8378942 21.0 16224.8839234 9700.2286111 22.0 16213.5942191 9652.03325265 21.4537790141 16200 9594 16200 9594 99.0 16194.3005596 9638.00650285 35.0935480643 16216.813279 9734.68191372 35.3859486539
16224.8839234 9700.2286111 22.0 16247.4633321 9796.61932801 23.0 16236.1736278 9748.42396956 22.495476895 16200 9594 16200 9594 99.0 16216.813279 9734.68191372 35.3859486539 16239.1292227 9832.1973535 36.5411176189
16247.4633321 9796.61932801 23.0 16270.0427407 9893.01004491 24.0 16258.7530364 9844.81468646 23.4715171626 16200 9594 16200 9594 99.0 16239.1292227 9832.1973535 36.5411176189 16266.3070377 9908.95763216 16.3792861842
16270.0427407 9893.01004491 24.0 16292.6221494 9989.40076182 25.0 16281.3324451 9941.20540336 24.4453836959 16200 9594 16200 9594 99.0 16266.3070377 9908.95763216 16.3792861842 16294.3896527 9981.85535125 -7.74966376518
16292.6221494 9989.40076182 25.0 16315.201558 10085.7914787 26.0 16303.9118537 10037.5961203 25.4495671073 16200 9594 16200 9594 99.0 16294.3896527 9981.85535125 -7.74966376518 16308.2294836 10115.555024 30.5692402422
16315.201558 10085.7914787 26.0 16337.7809667 10182.1821956 27.0 16326.4912623 10133.9868372 26.4817120648 16200 9594 16200 9594 99.0 16308.2294836 10115.555024 30.5692402422 16342.9558585 10160.090761 -22.6894466103
16337.7809667 10182.1821956 27.0 16360.1187335 10278.6290476 28.0 16348.9498501 10230.4056216 27.5217161063 16200 9594 16345 10213 99.0 16342.9558585 10160.090761 -22.6894466103 16361.1751278 10274.0433358 -4.705817867
16360.1187335 10278.6290476 28.0 16382.342934 10375.1022817 29.0 16371.2308337 10326.8656647 28.5540469063 16345 10213 16345 10213 99.0 16361.1751278 10274.0433358 -4.705817867 16382.6421465 10373.8034275 -1.33287302834
16382.342934 10375.1022817 29.0 16402.7065974 10471.977314 30.0 16392.5247657 10423.5397979 29.4705102157 16345 10213 16389 10404 99.0 16382.6421465 10373.8034275 -1.33287302834 16397.6651389 10496.980223 25.5061123123
16402.7065974 10471.977314 30.0 16422.2746282 10569.0241695 31.0 16412.4906128 10520.5007418 30.524501136 16389 10404 16389 10404 99.0 16397.6651389 10496.980223 25.5061123123 16426.2669061 10549.2246288 -20.1980220425
16422.2746282 10569.0241695 31.0 16441.842659 10666.0710251 32.0 16432.0586436 10617.5475973 31.5578706078 16389 10404 16389 10404 99.0 16426.2669061 10549.2246288 -20.1980220425 16435.1289923 10699.3671831 33.9662694524
16441.842659 10666.0710251 32.0 16461.4106898 10763.1178806 33.0 16451.6266744 10714.5944528 32.441348587 16389 10404 16389 10404 99.0 16435.1289923 10699.3671831 33.9662694524 16467.2394048 10734.2106047 -29.4890575933
16461.4106898 10763.1178806 33.0 16456.8282292 10861.6197088 34.0 16459.1194595 10812.3687947 33.4876901832 16389 10404 16456 10854 99.0 16467.2394048 10734.2106047 -29.4890575933 16460.3867168 10828.8816227 -32.9309142372
16456.8282292 10861.6197088 34.0 16469.4252595 10959.7010379 35.0 16463.1267443 10910.6603733 34.4774438366 16456 10854 16466 10946 99.0 16460.3867168 10828.8816227 -32.9309142372 16474.6943063 10938.6248508 -21.7248364131
16469.4252595 10959.7010379 35.0 16493.4362864 11055.7451454 36.0 16481.4307729 11007.7230917 35.4896390776 16466 10946 16466 10946 99.0 16474.6943063 10938.6248508 -21.7248364131 16501.3789528 11023.9744797 -32.7484526757
16493.4362864 11055.7451454 36.0 16517.4473132 11151.7892529 37.0 16505.4417998 11103.7671992 36.5770424028 16466 10946 16494 11058 99.0 16501.3789528 11023.9744797 -32.7484526757 16520.8659808 11138.1145825 -14.0955276343
16517.4473132 11151.7892529 37.0 16541.4583401 11247.8333605 38.0 16529.4528267 11199.8113067 37.5038729068 16494 11058 16494 11058 99.0 16520.8659808 11138.1145825 -14.0955276343 16538.3854646 11260.1248626 12.6697903768
16541.4583401 11247.8333605 38.0 16557.9522693 11345.1734497 39.0 16549.7053047 11296.5034051 38.4691653518 16494 11058 16553 11294 99.0 16538.3854646 11260.1248626 12.6697903768 16557.1044373 11353.9343811 8.80185990648
16557.9522693 11345.1734497 39.0 16569.3569135 11443.5010956 40.0 16563.6545914 11394.3372726 39.5113975799 16553 11294 16562 11387 99.0 16557.1044373 11353.9343811 8.80185990648 16569.6681208 11441.1110235 -2.41024783825
16569.3569135 11443.5010956 40.0 16582.1396335 11541.672385 41.0 16575.7482735 11492.5867403 40.6395171006 16562 11387 16562 11387 99.0 16569.6681208 11441.1110235 -2.41024783825 16587.2129227 11502.7095238 -39.2917652401
16582.1396335 11541.672385 41.0 16587.0 11640.3572848 42.0 16584.5698167 11591.0148349 41.4818889713 16562 11387 16587 11579 99.0 16587.2129227 11502.7095238 -39.2917652401 16575.4121855 11640.3572848 11.5878145279
16587.0 11640.3572848 42.0 16563.1424079 11735.6861543 43.0 16575.0712039 11688.0217196 42.4664496063 16587 11579 16587 11660 99.0 16575.4121855 11640.3572848 11.5878145279 16559.5805638 11746.9857976 -11.8477285615
16563.1424079 11735.6861543 43.0 16520.3023917 11824.7025303 44.0 16541.7223998 11780.1943423 43.5567626823 16587 11660 16558 11752 99.0 16559.5805638 11746.9857976 -11.8477285615 16504.7899034 11854.619472 -33.6995650932
16524.9873852 12006.4712089 46.0 16547.0786098 12102.9749798 47.0 16536.0329975 12054.7230943 46.4913370159 16510 11941 16510 11941 99.0 16522.8183994 12015.946252 9.72013071198 16548.286667 12097.6976775 -5.41380837267
16547.0786098 12102.9749798 47.0 16568.7605195 12199.5714969 48.0 16557.9195647 12151.2732383 47.5739700726 16510 11941 16548 12107 99.0 16548.286667 12097.6976775 -5.41380837267 16569.3436571 12196.9712771 -2.66480628475
16568.7605195 12199.5714969 48.0 16590.4246143 12296.1720507 49.0 16579.5925669 12247.8717738 48.4395705005 16548 12107 16548 12107 99.0 16569.3436571 12196.9712771 -2.66480628475 16583.9055319 12325.2407463 29.7907283719
16715.7076273 12759.500504 54.0 16749.0886652 12852.7030057 55.0 16732.3981462 12806.1017548 54.4099080813 16655 12590 16655 12590 99.0 16702.6234897 12796.0324527 38.8043545068 16758.0951869 12827.5560835 -26.7111424227
