16273.4265595 25858.5660737 1.0 16319.853119 25982.1321474 2.0 16296.6398392 25920.3491106 1.5 16227 25735 16227 25735 132.0 16273.0748431 25859.5021803 1.0 16319.1496863 25984.0043607 2.0
16319.853119 25982.1321474 2.0 16366.2796785 26105.6982212 3.0 16343.0663987 26043.9151843 2.5 16227 25735 16227 25735 132.0 16319.1496863 25984.0043607 2.0 16365.2245294 26108.506541 3.0
16366.2796785 26105.6982212 3.0 16412.706238 26229.2642949 4.0 16389.4929582 26167.481258 3.5 16227 25735 16227 25735 132.0 16365.2245294 26108.506541 3.0 16411.2993725 26233.0087213 4.0
16412.706238 26229.2642949 4.0 16459.1327974 26352.8303686 5.0 16435.9195177 26291.0473317 4.5 16227 25735 16227 25735 132.0 16411.2993725 26233.0087213 4.0 16457.3742156 26357.5109017 5.0
16459.1327974 26352.8303686 5.0 16502.5669223 26477.4195317 6.0 16480.8498599 26415.1249501 5.50010923392 16227 25735 16487 26427 132.0 16457.3742156 26357.5109017 5.0 16500.79688 26483.1525021 6.0
16502.5669223 26477.4195317 6.0 16541.5078536 26603.5448815 7.0 16522.037388 26540.4822066 6.5 16487 26427 16487 26427 132.0 16500.79688 26483.1525021 6.0 16539.4428042 26610.233347 7.0
16541.5078536 26603.5448815 7.0 16580.448785 26729.6702313 8.0 16560.9783193 26666.6075564 7.5 16487 26427 16487 26427 132.0 16539.4428042 26610.233347 7.0 16578.6787426 26735.4032017 6.0
16580.448785 26729.6702313 8.0 16619.3897163 26855.7955811 9.0 16599.9192506 26792.7329062 8.5 16487 26427 16487 26427 132.0 16578.6787426 26735.4032017 6.0 16617.914681 26860.5730565 5.0
16619.3897163 26855.7955811 9.0 16658.3306476 26981.9209309 10.0 16638.860182 26918.858256 9.5 16487 26427 16487 26427 132.0 16617.914681 26860.5730565 5.0 16657.1506194 26985.7429112 4.0
16983.0644379 26863.74658 11.0 17394.829699 26687.2530134 12.0 17188.9470684 26775.4997967 11.4999996835 16667 27010 17219 26762 448.0 16985.7870773 26865.0064349 3.0 17398.5108767 26688.8179194 4.0
17394.829699 26687.2530134 12.0 17804.7343657 26506.6659227 13.0 17599.7820324 26596.9594681 12.4999878894 17219 26762 17673 26569 448.00000000000006 17398.5108767 26688.8179194 4.0 17807.4461079 26507.9490651 3.0
17804.7343657 26506.6659227 13.0 18210.6497661 26326.3727288 14.0 18007.6920659 26416.5193257 13.5005776752 17673 26569 18195 26322 448.0 17807.4461079 26507.9490651 3.0 18208.7235442 26326.9109378 2.0
18210.6497661 26326.3727288 14.0 18485.7189244 26615.3785199 15.0 18348.1843452 26470.8756243 14.4922486232 18195 26322 18388 26609 448.0 18208.7235442 26326.9109378 2.0 18484.721048 26615.4436554 1.0
18485.7189244 26615.3785199 15.0 18932.661101 26646.0801702 16.0 18709.1900127 26630.729345 15.5000018017 18388 26609 18771 26634 448.00000000000006 18484.721048 26615.4436554 1.0 18932.661101 26646.0801702 0.0
18932.661101 26646.0801702 16.0 19379.4115805 26679.5167334 17.0 19156.0363407 26662.7984518 16.5000000013 18771 26634 19226 26668 448.0 18932.661101 26646.0801702 0.0 19380.4087745 26679.4418732 -1.0
19379.4115805 26679.5167334 17.0 19826.1545105 26713.0540922 18.0 19602.7830455 26696.2854128 17.5 19226 26668 19226 26668 448.0 19380.4087745 26679.4418732 -1.0 19828.1488986 26712.9043718 -2.0
19902.8642574 26209.0433807 19.0 19744.0539327 25587.7778789 20.0 19823.4590951 25898.4106298 19.5015289944 19932 26721 19841 25698 672.0 19902.9210761 26210.0417652 -1.0 19745.3748092 25589.2796397 -2.0
19744.0539327 25587.7778789 20.0 19300.2394516 25083.1862555 21.0 19522.1466922 25335.4820672 20.5 19841 25698 19841 25698 672.0 19745.3748092 25589.2796397 -2.0 19302.2207663 25085.4388967 -3.0
19300.2394516 25083.1862555 21.0 18860.4646771 24575.0769403 22.0 19080.3520644 24829.1315979 21.5000004314 19841 25698 18906 24628 672.0 19302.2207663 25085.4388967 -3.0 18863.0735419 24578.1090723 -4.0
18860.4646771 24575.0769403 22.0 18418.6222281 24068.8024757 23.0 18639.5434526 24321.939708 22.5000036606 18906 24628 18462 24117 672.0 18863.0735419 24578.1090723 -4.0 18420.6291223 24071.0323581 -3.0
18418.6222281 24068.8024757 23.0 17970.7609798 23567.8022938 24.0 18194.691604 23818.3023847 23.5000011499 18462 24117 18031 23636 672.0 18420.6291223 24071.0323581 -3.0 17973.409062 23570.8002365 -4.0
17617.8524116 23103.0403956 25.0 17791.8045511 22861.0803717 26.0 17704.8284814 22982.0603836 25.5 17592 23139 17592 23139 298.0 17616.1012156 23100.6045564 -3.0 17789.4696231 22857.8325862 -4.0
17791.8045511 22861.0803717 26.0 17965.7566907 22619.1203478 27.0 17878.7806209 22740.1003598 26.5 17592 23139 17592 23139 298.0 17789.4696231 22857.8325862 -4.0 17964.0054946 22616.6845087 -3.0
17045.7257865 22239.9654494 28.0 16100.8869592 21892.9374035 29.0 16573.3063729 22066.4514265 28.5005680677 17968 22616 16172 21900 1009.0000000000001 17049.4297444 22241.4756468 -4.0 16105.8624814 21893.4315478 -5.0
16100.8869592 21892.9374035 29.0 15096.8265748 21793.2190776 30.0 15598.856767 21843.0782406 29.5 16172 21900 16172 21900 1009.0000000000001 16105.8624814 21893.4315478 -5.0 15100.8069926 21793.6143931 -4.0
15096.8265748 21793.2190776 30.0 14091.7116735 21863.1655159 31.0 14594.2691242 21828.1922968 30.5002249617 16172 21900 15004 21784 1009.0 15100.8069926 21793.6143931 -4.0 14086.7303934 21863.5977758 -5.0
14091.7116735 21863.1655159 31.0 13083.1598046 21889.3322432 32.0 13587.435739 21876.2488796 31.4999929751 15004 21784 14036 21868 1009.0 14086.7303934 21863.5977758 -5.0 13077.1613077 21889.4665379 -6.0
12593.1102609 22050.0787036 33.0 12401.3747555 22263.6734603 34.0 12497.2425082 22156.8760819 33.5000673934 12610 22025 12442 22166 298.0 12590.317259 22054.2258882 -5.0 12399.838615 22267.3667342 -4.0
12401.3747555 22263.6734603 34.0 12289.0625671 22539.6982044 35.0 12345.2186613 22401.6858324 34.5000003232 12442 22166 12395 22279 298.0 12399.838615 22267.3667342 -4.0 12287.1802428 22544.3303589 -5.0
12289.0625671 22539.6982044 35.0 12269.6568067 22777.4045802 36.0 12279.3596869 22658.5513923 35.5181296134 12395 22279 12204 22750 298.0 12287.1802428 22544.3303589 -5.0 12273.348164 22775.8638397 -4.0
12269.6568067 22777.4045802 36.0 12522.5740289 22909.3236152 37.0 12396.1154178 22843.3640977 36.4893647423 12204 22750 12389 22797 298.0 12273.348164 22775.8638397 -4.0 12524.8701151 22907.3928154 -3.0
12522.5740289 22909.3236152 37.0 12478.1298635 23112.8701365 38.0 12500.3519462 23011.0968758 37.5144605633 12389 22797 12609 22982 298.0 12524.8701151 22907.3928154 -3.0 12476.71565 23114.28435 -2.0
12443.6313726 23287.6768946 39.0 12588.4374828 23400.3373936 40.0 12516.0344277 23344.0071441 39.4654511096 12373 23218 12537 23353 198.0 12445.7670743 23285.5700537 -3.0 12591.3807817 23397.6287054 -4.0
12588.4374828 23400.3373936 40.0 12734.1307795 23534.4174565 41.0 12661.2841312 23467.3774251 40.5 12537 23353 12537 23353 198.0 12591.3807817 23397.6287054 -4.0 12736.3382537 23532.3859404 -3.0
12734.1307795 23534.4174565 41.0 12667.3067032 23472.919937 42.0 12700.7187414 23503.6686968 41.4349288477 12537 23353 12813 23607 198.0 12736.3382537 23532.3859404 -3.0 12668.7783527 23474.2742811 -2.0
12667.3067032 23472.919937 42.0 12519.9362857 23362.9506602 44.0 12593.6214945 23417.9352986 43.0892998873 12813 23607 12521 23364 198.0 12668.7783527 23474.2742811 -2.0 12522.0719874 23365.057501 -3.0
12519.9362857 23362.9506602 44.0 12378.9799749 23223.8991645 45.0 12449.4581303 23293.4249123 44.5 12521 23364 12521 23364 198.0 12522.0719874 23365.057501 -3.0 12381.8275772 23226.7082856 -4.0
12188.0954077 23104.860765 46.0 12305.0250064 22830.759563 47.0 12246.560207 22967.810164 46.5 12165 23159 12165 23159 298.0 12186.9182641 23102.101357 -3.0 12303.4554815 22827.0803522 -4.0
12305.0250064 22830.759563 47.0 12076.4769482 22697.8674163 48.0 12190.7509773 22764.3134896 47.4454370507 12165 23159 12146 22726 298.0 12303.4554815 22827.0803522 -4.0 12079.2578958 22698.9927299 -3.0
12309.71753 21733.5088567 50.0 11507.8743251 21126.3314408 51.0 11908.7959275 21429.9201488 50.4996565649 12327 21748 11552 21140 1009.0 12312.0163555 21735.4363943 -3.0 11509.784767 21126.9232275 -2.0
11507.8743251 21126.3314408 51.0 10544.056359 20827.7750338 52.0 11025.965342 20977.0532373 51.5 11552 21140 11552 21140 1009.0 11509.784767 21126.9232275 -2.0 10545.0115799 20828.0709271 -1.0
10544.056359 20827.7750338 52.0 9569.75272692 20633.4296103 53.0 10056.9045429 20730.602322 52.5009610974 11552 21140 9944 20776 1009.0 10545.0115799 20828.0709271 -1.0 9569.75272692 20633.4296103 0.0
9569.75272692 20633.4296103 53.0 8942.89628637 19890.0677337 54.0 9256.32450664 20261.748672 53.485680052 9944 20776 9356 20552 1009.0 9569.75272692 20633.4296103 0.0 8943.42572858 19890.9160797 -1.0
8942.89628637 19890.0677337 54.0 8611.87214148 18942.9159412 55.0 8777.38421392 19416.4918375 54.5012586105 9356 20552 8843 19730 1009.0 8943.42572858 19890.9160797 -1.0 8612.43564952 18944.8349146 -2.0
8611.87214148 18942.9159412 55.0 8567.73364846 17940.0282786 56.0 8589.80289497 18441.4721099 55.5014034028 8843 19730 8548 18096 1008.9999999999999 8612.43564952 18944.8349146 -2.0 8567.35708834 17937.0520053 -3.0
8567.73364846 17940.0282786 56.0 8690.55786998 16938.5465311 57.0 8629.14575922 17439.2874048 56.5000000006 8548 18096 8652 17274 1009.0 8567.35708834 17937.0520053 -3.0 8690.10110729 16934.5726957 -4.0
8690.55786998 16938.5465311 57.0 8834.32055904 15940.3168511 58.0 8762.43921451 16439.4316911 57.5000999771 8652 17274 8752 16404 1009.0 8690.10110729 16934.5726957 -4.0 8833.79615068 15937.3630407 -3.0
8834.32055904 15940.3168511 58.0 9088.96609338 14970.1925362 59.0 8961.64332621 15455.2546937 58.4998447512 8752 16404 8948 15300 1008.9999999999999 8833.79615068 15937.3630407 -3.0 9087.39399685 14966.5144236 -4.0
9088.96609338 14970.1925362 59.0 9634.51275781 14125.1350326 60.0 9361.7394256 14547.6637844 59.5003204689 8948 15300 9160 14804 1009.0 9087.39399685 14966.5144236 -4.0 9632.79405511 14122.6761587 -3.0
9634.51275781 14125.1350326 60.0 10372.1914163 13441.6132165 61.0 10003.352087 13783.3741245 60.501820402 9160 14804 9708 14020 1008.9999999999999 9632.79405511 14122.6761587 -3.0 10369.1748593 13438.9863582 -4.0
9894.98430243 12431.0116819 63.0 9660.2189864 12606.4009375 64.0 9777.60164441 12518.7063097 63.5025804305 9895 12431 9726 12566 298.0 9890.1709031 12434.5937465 -6.0 9654.25415527 12610.0643771 -7.0
9660.2189864 12606.4009375 64.0 9405.58903212 12761.2135151 65.0 9532.90400926 12683.8072263 64.5000003607 9726 12566 9454 12732 298.0 9654.25415527 12610.0643771 -7.0 9400.45190616 12764.3135049 -6.0
9405.58903212 12761.2135151 65.0 9151.13047139 12916.3043253 66.0 9278.35975176 12838.7589202 65.5000020583 9454 12732 9280 12837 298.0 9400.45190616 12764.3135049 -6.0 9146.87217981 12918.9248124 -5.0
9151.13047139 12916.3043253 66.0 8897.27576876 13072.3869073 67.0 9024.20312008 12994.3456163 66.4999999837 9280 12837 9007 13005 298.0 9146.87217981 12918.9248124 -5.0 8893.86725535 13074.4802387 -4.0
8651.75234355 13114.3120189 68.0 8425.17443122 12727.8658722 69.0 8538.46338739 12921.0889455 68.4999904217 8696 13196 8488 12835 448.0 8653.181193 13116.9498948 -3.0 8427.19785581 12731.3163436 -4.0
8173.40202194 12783.5093015 70.0 8162.85697963 12997.2990838 71.0 8168.12950078 12890.4041927 70.4891674589 8386 12660 8071 12843 298.0 8169.07865409 12786.0209724 -5.0 8165.92618592 12992.1435069 -6.0
8162.85697963 12997.2990838 71.0 8159.38997891 12991.4753017 73.0 8161.12347927 12994.3871927 71.8288072979 8071 12843 8249 13142 298.0 8165.92618592 12992.1435069 -6.0 8161.94765082 12995.7716157 -5.0
8159.38997891 12991.4753017 73.0 8179.26247628 12780.1046566 74.0 8169.32622759 12885.7899791 73.5185995686 8249 13142 8071 12843 298.0 8161.94765082 12995.7716157 -5.0 8174.07443486 12777.0906516 -6.0
8430.32870976 12736.6552735 75.0 8656.60529636 13123.2713164 76.0 8543.46700306 12929.9632949 75.4999921983 8393 12673 8631 13076 447.99999999999994 8432.8579905 12732.3421842 -5.0 8659.46299525 13117.9955646 -6.0
8656.60529636 13123.2713164 76.0 8888.52308787 13506.4324065 77.0 8772.56419211 13314.8518614 76.5000406076 8631 13076 8838 13424 448.0 8659.46299525 13117.9955646 -6.0 8891.13589816 13502.1694003 -5.0
8938.52877677 13588.0511426 80.0 9172.06219656 13970.3679508 81.0 9055.29548667 13779.2095467 80.5 8933 13579 8933 13579 448.0 8941.13517654 13583.784214 -5.0 9175.18987629 13965.2476364 -6.0
9140.28445002 14214.2646053 82.0 8863.99918423 14325.9339568 83.0 9002.14181712 14270.099281 82.4999997084 9283 14156 9065 14245 298.0 9133.8037288 14216.9104043 -7.0 8856.57818384 14328.9220587 -8.0
8863.99918423 14325.9339568 83.0 8792.52199922 14549.6463398 84.0 8828.26059173 14437.7901483 83.5383649383 9065 14245 8780 14338 298.0 8856.57818384 14328.9220587 -8.0 8793.05355229 14540.6620506 -9.0
8792.52199922 14549.6463398 84.0 8810.12231197 14847.1261357 85.0 8801.3221556 14698.3862377 84.5 8780 14338 8780 14338 298.0 8793.05355229 14540.6620506 -9.0 8810.71292649 14837.1435922 -10.0
8810.12231197 14847.1261357 85.0 8827.72262473 15144.6059316 86.0 8818.92246835 14995.8660337 85.5 8780 14338 8780 14338 298.0 8810.71292649 14837.1435922 -10.0 8828.2541778 15135.6216425 -9.0
8827.72262473 15144.6059316 86.0 8841.68501804 15442.2560596 87.0 8834.70382138 15293.4309956 86.4999914466 8780 14338 8833 15276 298.0 8828.2541778 15135.6216425 -9.0 8842.20669479 15432.2696762 -10.0
8841.68501804 15442.2560596 87.0 8819.85992653 15736.9024869 88.0 8830.77247229 15589.5792733 87.4994790427 8833 15276 8822 15733 298.0 8842.20669479 15432.2696762 -10.0 8815.53243303 15744.7937986 -9.0
8819.85992653 15736.9024869 88.0 8646.84745596 15977.2031744 89.0 8733.35369125 15857.0528307 88.5004613837 8822 15733 8754 15857 298.0 8815.53243303 15744.7937986 -9.0 8640.19323397 15984.6678465 -10.0
8646.84745596 15977.2031744 89.0 8455.38668735 16205.5019103 90.0 8551.11707166 16091.3525424 89.5000078249 8754 15857 8598 16032 298.0 8640.19323397 15984.6678465 -10.0 8449.67178636 16212.4546009 -9.0
8455.38668735 16205.5019103 90.0 8265.93482091 16435.527855 91.0 8360.66075413 16320.5148826 90.4999999878 8598 16032 8381 16296 298.0 8449.67178636 16212.4546009 -9.0 8259.57248191 16443.2428172 -10.0
8265.93482091 16435.527855 91.0 8075.82764602 16664.9876641 92.0 8170.88123346 16550.2577595 91.5000194106 8381 16296 8155 16572 298.0 8259.57248191 16443.2428172 -10.0 8069.99312895 16671.8402848 -9.0
7673.42935006 16475.8392782 93.0 7153.75107072 16049.8308994 94.0 7413.59021039 16262.8350888 93.5000037091 8006 16747 7323 16192 672.0 7681.17967698 16482.1584896 -10.0 7162.17382423 16056.9060124 -11.0
6715.11871656 16041.4107656 95.0 6417.2536048 16050.3637611 97.0 6566.18616068 16045.8872634 96.1785407117 7013 16033 6588 16045 298.0 6703.1234971 16041.7494542 -12.0 6406.25902826 16050.7091405 -11.0
6417.2536048 16050.3637611 97.0 6119.40285724 16059.7934562 98.0 6268.32823102 16055.0786087 97.5000000024 6588 16045 6206 16057 298.0 6406.25902826 16050.7091405 -11.0 6107.40909587 16060.1803517 -12.0
6119.40285724 16059.7934562 98.0 5823.52406705 16049.8346475 99.0 5971.46346214 16054.8140518 98.4981497264 6206 16057 5896 16067 298.0 6107.40909587 16060.1803517 -12.0 5836.17411078 16052.8307104 -13.0
5823.52406705 16049.8346475 99.0 5543.52399707 15952.9988557 100.0 5683.52403206 16001.4167516 99.4991516024 5896 16067 5657 16009 298.0 5836.17411078 16052.8307104 -13.0 5556.07841679 15959.1945434 -14.0
5543.52399707 15952.9988557 100.0 5270.86883395 15833.5402313 101.0 5407.19641551 15893.2695435 100.50000391 5657 16009 5417 15890 298.0 5556.07841679 15959.1945434 -14.0 5282.99520969 15838.2254219 -13.0
5270.86883395 15833.5402313 101.0 4988.40243191 15738.6965467 102.0 5129.63563293 15786.118389 101.500020838 5417 15890 5241 15822 298.0 5282.99520969 15838.2254219 -13.0 5001.6980746 15743.0812799 -14.0
4988.40243191 15738.6965467 102.0 4692.41752984 15713.3775018 103.0 4840.40998087 15726.0370242 102.500158216 5241 15822 4941 15728 298.0 5001.6980746 15743.0812799 -14.0 4707.39164544 15714.2583321 -15.0
4692.41752984 15713.3775018 103.0 4479.62458466 15791.9086382 104.0 4586.02105725 15752.64307 103.467585611 4941 15728 4497 15692 298.0 4707.39164544 15714.2583321 -15.0 4476.88312586 15807.6720263 -16.0
4479.62458466 15791.9086382 104.0 4424.22991879 16084.6108682 105.0 4451.92725173 15938.2597532 104.500026897 4497 15692 4441 16014 298.0 4476.88312586 15807.6720263 -16.0 4420.30168747 16101.1507896 -17.0
4424.22991879 16084.6108682 105.0 4241.7555035 16319.0721433 106.0 4332.99271115 16201.8415058 105.499557479 4441 16014 4422 16094 297.99999999999994 4420.30168747 16101.1507896 -17.0 4230.50388451 16333.1220924 -18.0
4241.7555035 16319.0721433 106.0 3975.56468916 16370.4435793 107.0 4108.66009633 16344.7578613 106.511528245 4422 16094 4025 16317 298.0 4230.50388451 16333.1220924 -18.0 3964.02097548 16382.9232698 -17.0
3975.56468916 16370.4435793 107.0 3795.97387178 16529.8323104 108.0 3885.76928047 16450.1379449 107.496471039 4025 16317 3861 16563 298.0 3964.02097548 16382.9232698 -17.0 3812.00847442 16538.0110339 -18.0
3795.97387178 16529.8323104 108.0 3795.60539788 16675.8594695 110.0 3795.78963483 16602.84589 108.806098665 3861 16563 3815 16650 297.99999999999994 3812.00847442 16538.0110339 -18.0 3785.40539788 16689.4594695 -17.0
3795.60539788 16675.8594695 110.0 3669.95164684 16905.5958791 111.0 3732.77852236 16790.7276743 110.483449506 3815 16650 3639 16883 298.0 3785.40539788 16689.4594695 -17.0 3682.87440469 16896.1617745 -16.0
3669.95164684 16905.5958791 111.0 3897.83085053 17084.8488603 112.0 3783.89124869 16995.2223697 111.499092216 3639 16883 3902 17075 298.0 3682.87440469 16896.1617745 -16.0 3891.98348623 17098.6621992 -15.0
3897.83085053 17084.8488603 112.0 3781.92050615 17359.3824531 113.0 3839.87567834 17222.1156567 112.500000075 3902 17075 3833 17238 298.0 3891.98348623 17098.6621992 -15.0 3775.71457752 17374.1298749 -16.0
3781.92050615 17359.3824531 113.0 3665.80319172 17633.8267553 114.0 3723.86184894 17496.6046042 113.499998163 3833 17238 3687 17583 298.0 3775.71457752 17374.1298749 -16.0 3659.25973456 17649.5169806 -17.0
3647.99007414 17896.5792043 115.0 4311.04568731 17909.8504622 116.0 3979.51788073 17903.2148333 115.499312412 3582 17887 4240 17932 672.0 3665.8033734 17893.9934028 -18.0 4294.81613389 17904.7906602 -17.0
4311.04568731 17909.8504622 116.0 4965.5718067 17791.9191371 117.0 4638.30874701 17850.8847996 116.495458879 4240 17932 4870 17787 672.0 4294.81613389 17904.7906602 -17.0 4983.54801097 17790.9938913 -18.0
4965.5718067 17791.9191371 117.0 5634.7145908 17799.0736053 118.0 5300.14319875 17795.4963712 117.500915497 4870 17787 5578 17803 672.0 4983.54801097 17790.9938913 -18.0 5615.75996032 17797.7613616 -19.0
5634.7145908 17799.0736053 118.0 6286.05550716 17927.5666547 119.0 5960.38504898 17863.32013 118.502543413 5578 17803 6134 17890 672.0 5615.75996032 17797.7613616 -19.0 6305.47171955 17922.7697081 -20.0
6772.92015344 18098.9084691 120.0 7108.53250747 18395.6227581 121.0 6940.72633046 18247.2656136 120.499987482 6598 17936 6831 18153 448.0 6788.2876582 18084.5962436 -21.0 7125.09564616 18381.1430331 -22.0
7108.53250747 18395.6227581 121.0 7326.80698312 18777.6495067 122.0 7217.66974529 18586.6361324 121.493333051 6831 18153 7267 18692 447.99999999999994 7125.09564616 18381.1430331 -22.0 7339.97478732 18758.7919105 -23.0
7326.80698312 18777.6495067 122.0 7580.5636564 19146.8435938 123.0 7453.68531976 18962.2465502 122.500000456 7267 18692 7429 18924 448.0 7339.97478732 18758.7919105 -23.0 7594.06092448 19126.9986006 -24.0
7580.5636564 19146.8435938 123.0 7831.35594936 19518.0664477 124.0 7705.95980288 19332.4550208 123.499999836 7429 18924 7744 19389 448.0 7594.06092448 19126.9986006 -24.0 7845.36877775 19497.3628094 -25.0
9052.77383133 20066.1288291 126.0 9763.69120669 20707.3109359 127.0 9408.23251901 20386.7198825 126.504182975 8843 19730 9356 20552 1009.0 9067.0687711 20043.223487 -27.0 9787.9878878 20698.0550574 -26.0
9763.69120669 20707.3109359 127.0 10742.2977026 20889.1831267 128.0 10252.9944546 20798.2470313 127.498778938 9356 20552 10364 20772 1009.0 9787.9878878 20698.0550574 -26.0 10768.088669 20881.1940058 -27.0
10742.2977026 20889.1831267 128.0 11680.9442736 21236.974619 129.0 11211.6209881 21063.0788729 128.499714274 10364 20772 11552 21140 1009.0 10768.088669 20881.1940058 -27.0 11701.7236478 21221.3471558 -26.0
12374.8079337 21634.4561575 130.0 12603.0 21005.9387807 131.0 12488.9039668 21320.1974691 130.500074703 12327 21748 12603 21020 672.0 12365.1065087 21611.4152731 -25.0 12577.0 21005.9387807 -26.0
12603.0 21005.9387807 131.0 12626.0688564 20336.4177616 132.0 12614.5344282 20671.1782712 131.49988061 12603 21020 12613 20377 672.0 12577.0 21005.9387807 -26.0 12618.4055723 20312.6212477 -25.0
13033.7345812 20250.5751904 133.0 13201.8994726 20007.7544412 134.0 13117.8170269 20129.1648158 133.499513437 13002 20265 13168 20046 298.0 13010.0650528 20239.8163138 -26.0 13183.9901697 19987.5490738 -27.0
13201.8994726 20007.7544412 134.0 13492.0988599 20007.9838296 135.0 13346.9991663 20007.8691354 134.501918438 13168 20046 13417 20016 298.0 13183.9901697 19987.5490738 -27.0 13464.2570224 20005.011948 -28.0
13492.0988599 20007.9838296 135.0 13686.3689066 19720.8110176 137.0 13589.2338833 19864.3974236 135.982404684 13417 20016 13634 19792 298.0 13464.2570224 20005.011948 -28.0 13669.184458 19697.4509078 -29.0
13686.3689066 19720.8110176 137.0 13514.9643226 19591.9484422 138.0 13600.6666146 19656.3797299 137.470175591 13634 19792 13733 19679 298.0 13669.184458 19697.4509078 -29.0 13542.8257872 19603.0722359 -30.0
13273.5310818 19466.8348488 139.0 13343.4996615 18887.5706273 140.0 13308.5153717 19177.2027381 139.467848877 13251 19482 13361 18929 672.0 13247.8138616 19449.5251814 -31.0 13355.9515593 18917.0485893 -32.0
13343.4996615 18887.5706273 140.0 12863.625738 18491.3002525 141.0 13103.5626998 18689.4354399 140.505650611 13361 18929 12871 18492 672.0 13355.9515593 18917.0485893 -32.0 12894.4871083 18494.2287037 -31.0
12301.0427225 18368.6961953 142.0 12074.6676485 18084.8963914 143.0 12187.8551855 18226.7962934 142.550583548 12292 18433 12081 18097 448.0 12296.8650776 18338.988498 -30.0 12088.1111323 18110.5921643 -29.0
12074.6676485 18084.8963914 143.0 11865.2012321 17688.8842435 144.0 11969.9344403 17886.8903175 143.500000035 12081 18097 12002 17946 448.0 12088.1111323 18110.5921643 -29.0 11879.2924368 17715.3689174 -30.0
11865.2012321 17688.8842435 144.0 11720.5590966 17277.8180682 145.0 11792.8801644 17483.3511559 144.492451224 12002 17946 11717 17349 448.00000000000006 11879.2924368 17715.3689174 -30.0 11719.0110305 17246.8567457 -31.0
11720.5590966 17277.8180682 145.0 11813.943482 16842.7511367 146.0 11767.2512893 17060.2846025 145.49912597 11717 17349 11816 16870 448.0 11719.0110305 17246.8567457 -31.0 11816.2012121 16872.6660603 -30.0
11767.2579346 16354.1282962 147.0 11505.3765666 15760.2082636 148.0 11636.3172506 16057.1682799 147.503279553 11769 16364 11513 15775 672.0 11772.64528 16384.6565866 -31.0 11519.1201764 15786.8749692 -30.0
11505.3765666 15760.2082636 148.0 11227.1437733 15150.7740667 149.0 11366.26017 15455.4911651 148.499977375 11513 15775 11258 15262 672.0 11519.1201764 15786.8749692 -30.0 11234.8961464 15178.7186674 -29.0
11227.1437733 15150.7740667 149.0 11079.1312646 14495.8806662 150.0 11153.137519 14823.3273664 149.499822961 11258 15262 11090 14578 672.0 11234.8961464 15178.7186674 -29.0 11082.8051088 14523.6385997 -28.0
11079.1312646 14495.8806662 150.0 10992.0493274 13829.6283308 151.0 11035.590296 14162.7544985 150.499984821 11090 14578 11003 13943 672.0 11082.8051088 14523.6385997 -28.0 10994.6452006 13856.503253 -27.0
10992.0493274 13829.6283308 151.0 10584.8302915 13326.8487838 152.0 10788.4398095 13578.2385573 151.498249747 11003 13943 10701 13426 672.0 10994.6452006 13856.503253 -27.0 10604.6064856 13343.7278285 -26.0
10584.8302915 13326.8487838 152.0 10173.6237442 12800.7062403 153.0 10379.2270179 13063.7775121 152.500546616 10701 13426 10277 12973 672.0 10604.6064856 13343.7278285 -26.0 10187.5151296 12823.8585493 -27.0
10173.6237442 12800.7062403 153.0 9827.88259655 12224.4709942 154.0 10000.7531704 12512.5886173 153.5 10277 12973 9935 12403 672.0 10187.5151296 12823.8585493 -27.0 9842.2884777 12248.4807962 -28.0
9827.88259655 12224.4709942 154.0 9482.35334333 11648.108956 155.0 9655.11796994 11936.2899751 154.499999929 9935 12403 9507 11689 672.0 9842.2884777 12248.4807962 -28.0 9497.32372473 11672.9461797 -29.0
9482.35334333 11648.108956 155.0 9135.36352588 11072.6247547 156.0 9308.85843461 11360.3668553 155.5 9507 11689 9463 11616 672.0 9497.32372473 11672.9461797 -29.0 9150.85437999 11098.3158706 -30.0
9135.36352588 11072.6247547 156.0 8781.86501737 10501.2016743 157.0 8958.61427163 10786.9132145 156.500004217 9463 11616 8800 10533 672.0 9150.85437999 11098.3158706 -30.0 8796.23184701 10526.3928276 -29.0
8906.44998701 10258.8828638 158.0 9108.27716715 10178.6064506 159.0 9007.36357708 10218.7446572 158.500876848 8704 10363 9075 10220 298.0 8881.54992854 10246.0771195 -28.0 9090.10701671 10156.0045562 -29.0
9108.27716715 10178.6064506 159.0 9318.12689873 9968.58206751 160.0 9213.20203294 10073.5942591 159.499386987 9075 10220 9283 9992 298.0 9090.10701671 10156.0045562 -29.0 9293.1653899 9951.94106162 -30.0
9318.12689873 9968.58206751 160.0 9180.62904156 9945.00051219 162.0 9249.37797015 9956.79128985 161.020742167 9283 9992 9199 9929 298.0 9293.1653899 9951.94106162 -30.0 9157.25251209 9965.36071528 -31.0
9180.62904156 9945.00051219 162.0 8959.09909512 10218.3069962 164.0 9069.86406834 10081.6537542 163.13254668 9199 9929 8960 10219 298.0 9157.25251209 9965.36071528 -31.0 8982.87781479 10236.5983191 -30.0
8959.09909512 10218.3069962 164.0 8712.91186616 10358.4167545 165.0 8836.00548064 10288.3618754 164.511228497 8960 10219 8914 10255 298.0 8982.87781479 10236.5983191 -30.0 8687.12251989 10371.6798469 -29.0
9042.19184214 10917.1785407 166.0 9388.77793338 11492.9049332 167.0 9215.48488776 11205.041737 166.500000024 9020 10880 9097 11009 672.0 9056.54286899 10893.1359113 -28.0 9403.75242568 11468.0701878 -29.0
9388.77793338 11492.9049332 167.0 9734.64005774 12069.0667629 168.0 9561.70899556 11780.9858481 167.500000007 9097 11009 9659 11943 672.0 9403.75242568 11468.0701878 -29.0 9749.04593889 12045.056961 -28.0
9734.64005774 12069.0667629 168.0 10080.3812054 12645.302009 169.0 9907.51063156 12357.1843859 168.5 9659 11943 9989 12493 672.0 9749.04593889 12045.056961 -28.0 10094.2725908 12622.1497 -27.0
10080.3812054 12645.302009 169.0 10458.2755635 13197.5513952 170.0 10269.3283845 12921.4267021 169.499850341 9989 12493 10318 13043 672.0 10094.2725908 12622.1497 -27.0 10477.0938178 13176.8180089 -28.0
9927.50329323 13828.8535915 171.0 9296.6942064 14608.4374857 172.0 9612.09874981 14218.6455386 171.498873992 10544 13292 9708 14020 1009.0 9907.14153373 13846.5848845 -27.0 9281.798783 14629.7477265 -26.0
9296.6942064 14608.4374857 172.0 8907.6218094 15527.4363389 173.0 9102.1580079 15067.9369123 172.501304216 9708 14020 8948 15300 1009.0 9281.798783 14629.7477265 -26.0 8903.25173966 15552.0514256 -25.0
8907.6218094 15527.4363389 173.0 8738.44222652 16521.9526293 174.0 8823.03201796 16024.6944841 173.499997546 8948 15300 8752 16404 1009.0 8903.25173966 15552.0514256 -25.0 8735.47326903 16547.7825594 -26.0
8738.44222652 16521.9526293 174.0 8620.36882612 17524.007932 175.0 8679.40552632 17022.9802807 174.500000741 8752 16404 8652 17274 1008.9999999999999 8735.47326903 16547.7825594 -26.0 8617.23082512 17548.8102091 -25.0
8620.36882612 17524.007932 175.0 8568.6786177 18527.9533475 176.0 8594.52372191 18025.9806398 175.500220876 8652 17274 8548 18096 1009.0 8617.23082512 17548.8102091 -25.0 8569.92187474 18501.9830893 -26.0
8568.6786177 18527.9533475 176.0 8778.01210684 19508.6898773 177.0 8673.34536227 19018.3216124 176.49896797 8548 18096 8584 18848 1009.0 8569.92187474 18501.9830893 -26.0 8785.61946544 19482.7837372 -27.0
8778.01210684 19508.6898773 177.0 9255.08885199 20390.3061137 178.0 9016.55047941 19949.4979955 177.501672008 8584 18848 8843 19730 1009.0 8785.61946544 19482.7837372 -27.0 9268.85434955 20368.2491176 -26.0
9255.08885199 20390.3061137 178.0 10133.1706956 20774.1983743 179.0 9694.12977381 20582.252244 178.484810318 8843 19730 9944 20776 1009.0 9268.85434955 20368.2491176 -26.0 10106.17192 20773.9412431 -27.0
10834.514297 21137.7667939 181.0 11489.0831507 21236.1207153 182.0 11161.7987238 21186.9437546 181.49916609 10389 21253 10938 21111 672.0 10806.4382503 21130.5048656 -29.0 11518.338575 21229.4784153 -30.0
11379.0188358 21473.5686255 183.0 11209.927557 21718.9502455 184.0 11294.4731964 21596.2594355 183.5 11418 21417 11418 21417 298.0 11362.5636442 21497.4480449 -29.0 11194.0397859 21742.0062367 -28.0
11209.927557 21718.9502455 184.0 11039.1849694 21963.1764994 185.0 11124.5562632 21841.0633724 184.500005671 11418 21417 11121 21848 298.0 11194.0397859 21742.0062367 -28.0 11022.390814 21986.818757 -29.0
11039.1849694 21963.1764994 185.0 11052.5738772 21944.328037 187.0 11045.8794233 21953.7522682 185.551903639 11121 21848 11018 21993 298.0 11022.390814 21986.818757 -29.0 11036.3588306 21921.5010296 -28.0
11052.5738772 21944.328037 187.0 11223.0462306 21699.9127092 188.0 11137.8100539 21822.1203731 187.499995362 11018 21993 11121 21848 298.0 11036.3588306 21921.5010296 -28.0 11207.7258798 21677.6801463 -27.0
11223.0462306 21699.9127092 188.0 11392.1375093 21454.5310892 189.0 11307.5918699 21577.2218992 188.5 11121 21848 11121 21848 298.0 11207.7258798 21677.6801463 -27.0 11376.2497382 21431.475098 -28.0
11438.241091 21224.5772761 190.0 10784.0393411 21150.8222469 191.0 11111.1402161 21187.6997615 190.499660074 11537 21247 10938 21111 672.0 11466.5213345 21230.9981661 -29.0 10754.9951549 21158.3345865 -30.0
10054.8926115 20774.9438799 193.0 9213.64325033 20323.8962023 194.0 9634.26793092 20549.4200411 193.50590928 10364 20772 9356 20552 1009.0 10022.8940627 20775.248628 -32.0 9231.11484339 20351.8916204 -33.0
9213.64325033 20323.8962023 194.0 8755.95594157 19433.5796929 195.0 8984.79959595 19878.7379476 194.49704286 9356 20552 8843 19730 1009.0 9231.11484339 20351.8916204 -33.0 8764.97207028 19464.2832664 -32.0
8755.95594157 19433.5796929 195.0 8564.93537951 18449.7612609 196.0 8660.44566054 18941.6704769 195.500405113 8843 19730 8584 18848 1009.0 8764.97207028 19464.2832664 -32.0 8566.41772445 18480.7257996 -31.0
8564.93537951 18449.7612609 196.0 8630.19473995 17446.3454208 197.0 8597.56505973 17948.0533409 196.50061709 8584 18848 8548 18096 1008.9999999999999 8566.41772445 18480.7257996 -31.0 8626.17809867 17414.5985061 -32.0
8630.19473995 17446.3454208 197.0 8747.38125897 16444.183047 198.0 8688.78799946 16945.2642339 197.500002457 8548 18096 8652 17274 1009.0 8626.17809867 17414.5985061 -32.0 8743.84134811 16413.3858226 -31.0
8747.38125897 16444.183047 198.0 8921.30565738 15450.3599707 199.0 8834.34345817 15947.2715089 198.500018824 8652 17274 8752 16404 1009.0 8743.84134811 16413.3858226 -31.0 8915.71196812 15418.8526598 -32.0
8921.30565738 15450.3599707 199.0 9341.54182501 14544.2759292 200.0 9131.42374119 14997.3179499 199.497891184 8752 16404 9160 14804 1009.0 8915.71196812 15418.8526598 -32.0 9323.78189711 14518.8675652 -31.0
9341.54182501 14544.2759292 200.0 9986.53854531 13777.4449031 201.0 9664.04018516 14160.8604162 200.499887803 9160 14804 9708 14020 1008.9999999999999 9323.78189711 14518.8675652 -31.0 9962.4060896 13756.4300374 -32.0
10680.6739454 13408.6516477 202.0 11004.6001715 13955.0012862 203.0 10842.6370584 13681.8264669 202.493404076 10544 13292 11003 13943 672.0 10704.2532537 13388.5266329 -31.0 11008.8294105 13923.2819934 -32.0
11061.2350843 14578.9588305 204.0 10613.5143996 14594.6477625 205.0 10837.374742 14586.8032965 204.5000015 11090 14578 10670 14592 448.0 11028.2534024 14580.0582199 -33.0 10581.5494981 14596.1461173 -32.0
10613.5143996 14594.6477625 205.0 10705.7030615 14590.809898 207.0 10659.6087306 14592.7288302 206.095657823 10670 14592 10670 14592 448.0 10581.5494981 14596.1461173 -32.0 10672.7213795 14589.7105086 -33.0
11077.504412 14483.5888903 208.0 10990.8572478 13817.2868012 209.0 11034.1808299 14150.4378458 208.499991764 11090 14578 11003 13943 672.0 11081.9655084 14517.2949523 -34.0 10994.2222686 13852.1246633 -35.0
10990.8572478 13817.2868012 209.0 10575.3993532 13318.799448 210.0 10783.1283005 13568.0431246 209.495330706 11003 13943 10701 13426 672.0 10994.2222686 13852.1246633 -35.0 10602.7817758 13342.1704329 -36.0
9829.81738709 13913.9197873 211.0 9222.48464335 14714.6059117 212.0 9526.15101522 14314.2628495 211.499433217 10544 13292 9708 14020 1009.0 9803.42251366 13936.9047967 -35.0 9201.86021095 14744.1123989 -36.0
9222.48464335 14714.6059117 212.0 8884.97908251 15654.9749638 213.0 9053.73186293 15184.7904378 212.50159286 9708 14020 8948 15300 1009.0 9201.86021095 14744.1123989 -36.0 8878.86098489 15689.4360851 -35.0
8884.97908251 15654.9749638 213.0 8723.65076796 16650.6383188 214.0 8804.31492523 16152.8066413 213.499986322 8948 15300 8752 16404 1009.0 8878.86098489 15689.4360851 -35.0 8719.53990374 16686.4028374 -36.0
8567.31499403 17792.5428888 216.0 7938.71057056 17777.0043343 217.0 8253.0127823 17784.7736116 216.495789903 8655 17760 7943 17772 672.0 8531.68940981 17805.7647551 -38.0 7913.32970699 17806.6153418 -39.0
7440.23778865 18058.3004146 218.0 7256.99918573 18293.305977 219.0 7348.61848719 18175.8031958 218.5 7474 18015 7474 18015 298.0 7416.8717923 18088.2675668 -38.0 7234.24808402 18322.48452 -37.0
7398.25221547 18949.6231538 221.0 7152.77884602 19115.4877405 222.0 7275.51553074 19032.5554472 221.500213497 7429 18924 7183 19083 298.0 7369.82802813 18973.3099766 -37.0 7126.8968962 19143.3108366 -38.0
7152.77884602 19115.4877405 222.0 6906.50958455 19276.8588123 223.0 7029.64421528 19196.1732764 222.494045794 7183 19083 7002 19235 298.0 7126.8968962 19143.3108366 -38.0 6872.62242585 19291.7134572 -37.0
6906.50958455 19276.8588123 223.0 6936.2087578 19527.4191374 224.0 6921.35917118 19402.1389748 223.518793996 7002 19235 6893 19433 298.0 6872.62242585 19291.7134572 -37.0 6951.18922014 19494.6840531 -36.0
6936.2087578 19527.4191374 224.0 6917.62461329 19486.8093402 226.0 6926.91668555 19507.1142388 224.395206842 6893 19433 6947 19551 298.0 6951.18922014 19494.6840531 -36.0 6933.02119958 19520.4537324 -37.0
6917.62461329 19486.8093402 226.0 6947.41240823 19258.9288073 227.0 6932.51851076 19372.8690738 226.503995083 6947 19551 6856 19299 298.0 6933.02119958 19520.4537324 -37.0 6912.60938038 19243.6726856 -38.0
6947.41240823 19258.9288073 227.0 7183.24578155 19082.8474459 228.0 7065.32909489 19170.8881266 227.501290468 6856 19299 7183 19083 298.0 6912.60938038 19243.6726856 -38.0 7151.8090954 19063.33502 -37.0
7432.91913561 18929.7622934 229.0 7684.45901336 19300.4788871 230.0 7558.68907449 19115.1205903 229.499999871 7429 18924 7631 19221 448.0 7454.28981008 18898.3410542 -38.0 7706.22549322 19268.1181029 -39.0
8061.18284862 19564.7728561 231.0 8719.59959529 19689.3743524 232.0 8390.39122196 19627.0736042 231.499770037 8055 19564 8600 19650 672.0 8100.87396369 19559.8114667 -40.0 8756.64372302 19677.1787548 -39.0
8719.59959529 19689.3743524 232.0 8637.34440945 20204.6100254 233.0 8678.47200237 19946.9921889 232.463573868 8600 19650 8802 19982 672.0 8756.64372302 19677.1787548 -39.0 8614.74710017 20235.1609929 -38.0
8388.53421562 20765.2186054 234.0 8096.94875235 20744.3555675 235.0 8242.74148399 20754.7870864 234.498127794 8415 20760 8119 20752 298.0 8350.27098205 20772.7634683 -39.0 8132.8525279 20756.8022097 -38.0
8096.94875235 20744.3555675 235.0 8290.16691025 20777.3645681 237.0 8193.5578313 20760.8600678 235.958266263 8119 20752 8264 20779 298.0 8132.8525279 20756.8022097 -38.0 8253.23896485 20775.0565715 -37.0
8504.14387413 20384.6936439 238.0 8854.27225125 19823.3986532 239.0 8679.20806269 20104.0461485 238.50158151 8498 20393 8857 19846 672.0 8482.73589692 20355.750622 -36.0 8858.70559717 19860.1320909 -37.0
8598.50924852 18897.4098733 240.0 8573.68675196 17892.9758643 241.0 8586.09800024 18395.1928688 240.500707423 8843 19730 8548 18096 1008.9999999999999 8609.21590137 18933.8703668 -38.0 8568.7914704 17854.2843121 -39.0
9212.68076902 17568.2860133 243.0 9130.12942852 17282.9602279 244.0 9171.40509877 17425.6231206 243.499979617 9221 17594 9133 17322 298.0 9224.68576015 17605.3923495 -39.0 9133.06268624 17322.8525329 -40.0
9130.12942852 17282.9602279 244.0 9396.92802336 17258.170086 245.0 9263.52872594 17270.5651569 244.499527303 9133 17322 9386 17258 298.0 9133.06268624 17322.8525329 -40.0 9437.92305826 17257.5320309 -41.0
9396.92802336 17258.170086 245.0 9639.7301069 17210.2048933 246.0 9518.32906513 17234.1874896 245.515983103 9386 17258 9643 17262 298.0 9437.92305826 17257.5320309 -41.0 9642.25034214 17250.1254195 -40.0
9639.7301069 17210.2048933 246.0 9620.95435435 16912.7969729 247.0 9630.34223062 17061.5009331 246.5 9643 17262 9643 17262 298.0 9642.25034214 17250.1254195 -40.0 9623.41158371 16951.719486 -39.0
9620.95435435 16912.7969729 247.0 9592.08971228 16616.2574347 248.0 9606.52203332 16764.5272038 247.499955563 9643 17262 9597 16679 298.0 9623.41158371 16951.719486 -39.0 9595.21060429 16656.1354993 -40.0
9592.08971228 16616.2574347 248.0 9617.38318833 16860.5074389 250.0 9604.73645031 16738.3824368 249.007315319 9597 16679 9597 16679 298.0 9595.21060429 16656.1354993 -40.0 9621.73550953 16821.7510549 -39.0
9617.38318833 16860.5074389 250.0 9636.4275136 17157.8918155 251.0 9626.90535097 17009.1996272 250.499999825 9597 16679 9618 16866 298.0 9621.73550953 16821.7510549 -39.0 9638.82173708 17119.9673156 -38.0
9636.4275136 17157.8918155 251.0 9449.33889828 17258.9858194 252.0 9542.88320594 17208.4388175 251.438856899 9618 16866 9643 17262 298.0 9638.82173708 17119.9673156 -38.0 9488.33417537 17259.5927498 -39.0
9449.33889828 17258.9858194 252.0 9151.37733688 17254.2626667 253.0 9300.35811758 17256.6242431 252.500000305 9643 17262 9217 17255 298.0 9488.33417537 17259.5927498 -39.0 9189.37493842 17254.689606 -38.0
9151.37733688 17254.2626667 253.0 9196.54568458 17518.4139342 254.0 9173.96151073 17386.3383004 253.498686252 9217 17255 9133 17322 298.0 9189.37493842 17254.689606 -38.0 9208.55067571 17481.3075979 -39.0
8595.96402237 17716.8997463 256.0 8577.97576755 18722.1604777 257.0 8586.96989496 18219.530112 256.499821722 8652 17274 8548 18096 1009.0 8591.06874082 17755.5912985 -39.0 8579.88847069 18682.2062343 -40.0
8577.97576755 18722.1604777 257.0 8832.79341209 19695.2424304 258.0 8705.38458982 19208.701454 257.499560513 8548 18096 8584 18848 1009.0 8579.88847069 18682.2062343 -40.0 8844.345327 19655.9034769 -41.0
8342.48205447 20774.0948716 260.0 8052.62399335 20728.989651 261.0 8197.55302391 20751.5422613 260.492566411 8344 20774 8119 20752 298.0 8301.56189876 20776.6523813 -41.0 8090.41744129 20742.0913796 -40.0
8052.62399335 20728.989651 261.0 7806.99946719 20881.5799632 262.0 7929.81173027 20805.2848071 261.500842194 8119 20752 7846 20851 298.0 8090.41744129 20742.0913796 -40.0 7774.73498639 20906.8782493 -41.0
7806.99946719 20881.5799632 262.0 7616.86864564 20815.1655862 263.0 7711.93405642 20848.3727747 262.545703416 7846 20851 7715 20794 298.0 7774.73498639 20906.8782493 -41.0 7577.76780387 20823.5991011 -40.0
7616.86864564 20815.1655862 263.0 7743.33875663 20896.316453 265.0 7680.10370113 20855.7410196 264.433569941 7715 20794 7732 20878 298.0 7577.76780387 20823.5991011 -40.0 7763.8665866 20863.1561123 -39.0
7743.33875663 20896.316453 265.0 7971.18732602 20754.0807799 266.0 7857.26304132 20825.1986164 265.480610771 7732 20878 7846 20851 298.0 7763.8665866 20863.1561123 -39.0 7939.55837771 20729.5938521 -40.0
7971.18732602 20754.0807799 266.0 8252.53430673 20778.3333899 267.0 8111.86081637 20766.2070849 266.496262392 7846 20851 8178 20774 298.0 7939.55837771 20729.5938521 -40.0 8291.46855935 20776.0697706 -39.0
8474.11575106 20463.768145 268.0 8842.93691147 19906.6470693 269.0 8658.52633126 20185.2076072 268.500411715 8471 20473 8841 19915 672.0 8461.32460529 20425.8684538 -40.0 8833.6754017 19866.7068085 -41.0
9234.83302904 20357.8494149 270.0 10094.9136322 20774.5627273 271.0 9664.8733306 20566.2060711 270.513470648 8843 19730 9944 20776 1009.0 9256.0107176 20323.9155748 -40.0 10053.9154914 20774.1722688 -41.0
10094.9136322 20774.5627273 271.0 11070.7693661 20990.9319249 272.0 10582.8414991 20882.7473261 271.49782595 9944 20776 10364 20772 1009.0 10053.9154914 20774.1722688 -41.0 11110.8886472 20978.5044035 -42.0
11070.7693661 20990.9319249 272.0 11955.7673361 21443.6597321 273.0 11513.2683511 21217.2958285 272.500228545 10364 20772 11552 21140 1009.0 11110.8886472 20978.5044035 -42.0 11988.5348108 21419.0164247 -41.0
12180.0530498 22068.0937783 274.0 11910.6679675 22683.7304715 275.0 12045.3605086 22375.9121249 274.500002541 12191 22043 11931 22639 672.0 12164.0590298 22104.7569931 -40.0 11894.5296527 22719.2347641 -39.0
11910.6679675 22683.7304715 275.0 11653.9393084 23304.749323 276.0 11782.303638 22994.2398972 275.500000065 11931 22639 11666 23276 672.0 11894.5296527 22719.2347641 -39.0 11638.4653054 23341.6350279 -40.0
11653.9393084 23304.749323 276.0 11391.9054256 23923.5477114 277.0 11522.922367 23614.1485172 276.500001266 11666 23276 11455 23778 672.0 11638.4653054 23341.6350279 -40.0 11376.393789 23959.3302368 -39.0
11391.9054256 23923.5477114 277.0 11125.2691101 24540.373096 278.0 11258.5872678 24231.9604037 277.499998036 11455 23778 11196 24373 672.0 11376.393789 23959.3302368 -39.0 11110.4771248 24575.3759126 -38.0
10934.6577126 25118.0242794 279.0 11274.0556132 25134.1320975 280.0 11104.3566629 25126.0781884 279.478638119 10893 25090 11235 25135 448.0 10965.3574307 25097.3717418 -37.0 11236.0649924 25133.2878615 -38.0
11274.0556132 25134.1320975 280.0 11721.820929 25145.4663249 281.0 11497.9382711 25139.7992112 280.499981836 11235 25135 11640 25144 448.00000000000006 11236.0649924 25133.2878615 -38.0 11760.8146678 25144.7675124 -39.0
11970.0389392 25281.8418749 282.0 11963.2966768 25579.7655931 283.0 11966.667808 25430.803734 282.5 11973 25151 11973 25151 298.0 11969.1339375 25321.8316357 -40.0 11962.3690501 25620.755098 -41.0
11963.2966768 25579.7655931 283.0 11976.6937833 25857.8502374 284.0 11969.9952301 25718.8079153 283.51334352 11973 25151 11957 25858 298.0 11962.3690501 25620.755098 -41.0 11934.6949977 25857.530855 -42.0
11976.6937833 25857.8502374 284.0 12273.8955684 25846.7313354 285.0 12125.2946759 25852.2907864 284.500437342 11957 25858 12220 25856 298.0 11934.6949977 25857.530855 -42.0 12233.4887354 25839.7823896 -41.0
12273.8955684 25846.7313354 285.0 12516.6229488 25900.1245477 286.0 12395.2592586 25873.4279415 285.473974389 12220 25856 12404 25905 298.0 12233.4887354 25839.7823896 -41.0 12476.6603767 25898.3945662 -40.0
12516.6229488 25900.1245477 286.0 12458.1656187 25902.655168 288.0 12487.3942838 25901.3898578 286.829908303 12404 25905 12635 25895 298.0 12476.6603767 25898.3945662 -40.0 12419.202111 25904.3419 -39.0
12458.1656187 25902.655168 288.0 12489.3946788 26133.3379455 289.0 12473.7801488 26017.9965568 288.49608374 12635 25895 12404 25905 298.0 12419.202111 25904.3419 -39.0 12502.7056526 26097.745559 -38.0
12489.3946788 26133.3379455 289.0 12555.9243857 26378.9510573 290.0 12522.6595323 26256.1445014 289.502594193 12404 25905 12600 26355 298.0 12502.7056526 26097.745559 -38.0 12521.6570249 26397.5722276 -39.0
12555.9243857 26378.9510573 290.0 12294.0866033 26521.2358973 291.0 12425.0054945 26450.0934773 290.5 12600 26355 12600 26355 298.0 12521.6570249 26397.5722276 -39.0 12258.9405922 26540.3345335 -40.0
12294.0866033 26521.2358973 291.0 12032.2679915 26663.5560046 292.0 12163.1772974 26592.395951 291.5 12600 26355 12105 26624 298.0 12258.9405922 26540.3345335 -40.0 11996.2501515 26683.1446545 -41.0
12032.2679915 26663.5560046 292.0 11754.6946348 26755.4912557 293.0 11893.4813131 26709.5236302 292.501992971 12105 26624 11869 26747 298.0 11996.2501515 26683.1446545 -41.0 11712.8100431 26758.6026825 -42.0
11754.6946348 26755.4912557 293.0 11458.0858348 26782.9122297 294.0 11606.3902348 26769.2017427 293.500039076 11869 26747 11584 26767 298.0 11712.8100431 26758.6026825 -42.0 11415.4251374 26788.3034167 -43.0
11458.0858348 26782.9122297 294.0 11162.87478 26758.5013917 295.0 11310.4803074 26770.7068107 294.499140563 11584 26767 11202 26768 298.0 11415.4251374 26788.3034167 -43.0 11203.6892083 26768.4100968 -42.0
11162.87478 26758.5013917 295.0 10886.3452203 26678.9301099 296.0 11024.6100001 26718.7157508 295.49868986 11202 26768 10887 26671 298.0 11203.6892083 26768.4100968 -42.0 10882.9713804 26719.7910595 -41.0
10886.3452203 26678.9301099 296.0 10777.6012489 26947.6274706 297.0 10831.9732346 26813.2787902 296.496913839 10887 26671 10786 26920 298.0 10882.9713804 26719.7910595 -41.0 10765.3852539 26987.8116648 -42.0
10777.6012489 26947.6274706 297.0 10730.1107895 27226.1329474 298.0 10753.8560192 27086.880209 297.504681997 10786 26920 10705 27196 298.0 10765.3852539 26987.8116648 -42.0 10756.3583499 27194.635875 -41.0
10730.1107895 27226.1329474 298.0 11016.3645809 27232.6510418 299.0 10873.2376852 27229.3919946 298.501083605 10705 27196 10804 27247 298.0 10756.3583499 27194.635875 -41.0 10976.4555769 27229.9544875 -40.0
11016.3645809 27232.6510418 299.0 11170.6802058 27086.0711267 300.0 11093.5223934 27159.3610843 299.437647559 10804 27247 11177 27223 298.0 10976.4555769 27229.9544875 -40.0 11172.5705013 27127.0275277 -41.0
11170.6802058 27086.0711267 300.0 11106.3953204 27227.2082259 302.0 11138.5377631 27156.6396763 301.149386533 11177 27223 11177 27223 298.0 11172.5705013 27127.0275277 -41.0 11064.4697242 27229.7071025 -42.0
11106.3953204 27227.2082259 302.0 10809.0326997 27246.6599527 303.0 10957.7140101 27236.9340893 302.500000223 11177 27223 11026 27232 298.0 11064.4697242 27229.7071025 -42.0 10766.1305205 27249.5587486 -43.0
10599.7337857 27116.0286668 304.0 10512.2295342 26449.7501985 305.0 10555.98166 26782.8894327 304.500000001 10618 27255 10544 26692 672.0 10605.467771 27159.6534466 -44.0 10517.8209978 26492.3851083 -43.0
10512.2295342 26449.7501985 305.0 10268.7682626 26324.3312664 306.0 10390.4988984 26387.0407324 305.612901129 10544 26692 10465 26088 672.0 10517.8209978 26492.3851083 -43.0 10241.9379309 26356.644318 -42.0
10268.7682626 26324.3312664 306.0 10589.5601833 25802.0390169 308.0 10429.1642229 26063.1851416 306.841853226 10465 26088 10548 25904 672.0 10241.9379309 26356.644318 -42.0 10574.0844568 25764.071901 -41.0
10589.5601833 25802.0390169 308.0 10852.7184915 25183.7586837 309.0 10721.1393374 25492.8988503 308.500008421 10548 25904 10835 25225 672.0 10574.0844568 25764.071901 -41.0 10836.1393888 25145.169393 -42.0
10852.7184915 25183.7586837 309.0 11114.862055 24564.9996917 310.0 10983.7902732 24874.3791877 309.500000538 10835 25225 10893 25090 672.0 10836.1393888 25145.169393 -42.0 11098.1237558 24525.3912414 -43.0
11114.862055 24564.9996917 310.0 11381.2718824 23948.0773623 311.0 11248.0669687 24256.538527 310.499996464 10893 25090 11279 24184 672.0 11098.1237558 24525.3912414 -43.0 11364.5670429 23909.5423348 -42.0
11381.2718824 23948.0773623 311.0 11643.5967574 23329.4030783 312.0 11512.4343199 23638.7402203 311.500003601 11279 24184 11494 23686 672.0 11364.5670429 23909.5423348 -42.0 11626.9622041 23289.7509455 -43.0
11643.5967574 23329.4030783 312.0 11900.1082406 22708.2875166 313.0 11771.852499 23018.8452975 312.499999944 11494 23686 11666 23276 672.0 11626.9622041 23289.7509455 -43.0 11883.3341597 22667.6103706 -44.0
11900.1082406 22708.2875166 313.0 12169.3629286 22092.5988252 314.0 12034.7355846 22400.4431709 313.500004091 11666 23276 11931 22639 672.0 11883.3341597 22667.6103706 -44.0 12152.1693572 22053.1858691 -43.0
11987.849673 21467.7877706 315.0 11109.1145416 21002.8098917 316.0 11548.4821073 21235.2988311 315.500603185 12036 21504 11552 21140 1009.0 12021.4163544 21493.0321343 -42.0 11148.2786017 21014.9415197 -41.0
11109.1145416 21002.8098917 316.0 10135.0545393 20774.180433 317.0 10622.0845405 20888.4951623 316.50065059 11552 21140 10364 20772 1009.0 11148.2786017 21014.9415197 -41.0 10093.056444 20774.5804148 -42.0
10135.0545393 20774.180433 317.0 9256.08628361 20391.9043375 318.0 9695.57041148 20583.0423852 317.484729623 10364 20772 9356 20552 1009.0 10093.056444 20774.5804148 -42.0 9277.79341438 20426.6865236 -41.0
9256.08628361 20391.9043375 318.0 8579.70796756 18758.3442112 320.0 8917.89712558 19575.1242743 319.005318892 9356 20552 8584 18848 1009.0 9277.79341438 20426.6865236 -41.0 8581.71630586 18800.2961668 -42.0
8579.70796756 18758.3442112 320.0 8591.41703734 17752.8384164 321.0 8585.56250245 18255.5913138 320.500385106 8584 18848 8548 18096 1008.9999999999999 8581.71630586 18800.2961668 -42.0 8586.27071571 17712.1626819 -41.0
8591.41703734 17752.8384164 321.0 8712.10360969 16751.0985957 322.0 8651.76032352 17251.968506 321.499999557 8548 18096 8652 17274 1009.0 8586.27071571 17712.1626819 -41.0 8707.53598279 16711.3602416 -40.0
8712.10360969 16751.0985957 322.0 8867.30272221 15754.5397688 323.0 8789.70316595 16252.8191822 322.500092151 8652 17274 8752 16404 1009.0 8707.53598279 16711.3602416 -40.0 8860.13580785 15714.1710267 -41.0
8867.30272221 15754.5397688 323.0 9164.55191374 14797.487773 324.0 9015.92731797 15276.0137709 323.499808462 8752 16404 9160 14804 1009.0 8860.13580785 15714.1710267 -41.0 9140.49007594 14763.063538 -42.0
9164.55191374 14797.487773 324.0 9753.55752307 13980.3278986 325.0 9459.0547184 14388.9078358 324.499818752 9160 14804 9708 14020 1008.9999999999999 9140.49007594 14763.063538 -42.0 9721.12953572 13952.0891727 -43.0
9753.55752307 13980.3278986 325.0 10514.484017 13317.7029135 326.0 10134.02077 13649.015406 325.5 9708 14020 9708 14020 1008.9999999999999 9721.12953572 13952.0891727 -43.0 10481.3018904 13288.8074731 -44.0
10514.484017 13317.7029135 326.0 11468.644478 12999.8795569 327.0 10991.5642475 13158.7912352 326.499972838 9708 14020 11396 13028 1008.9999999999999 10481.3018904 13288.8074731 -44.0 11428.5440497 12984.3568105 -43.0
12351.8027597 12647.7481747 328.0 12986.0253678 12869.8870578 329.0 12668.9140638 12758.8176162 328.5 12284 12624 12284 12624 672.0 12393.32924 12633.2033669 -44.0 13028.4956318 12855.0116861 -45.0
12986.0253678 12869.8870578 329.0 13616.2654588 13099.2852644 330.0 13301.1454133 12984.5861611 329.499929935 12284 12624 13220 12936 672.0 13028.4956318 12855.0116861 -45.0 13656.9470601 13082.5219916 -44.0
13616.2654588 13099.2852644 330.0 14221.8384902 13386.7477235 331.0 13919.0519745 13243.016494 330.499449263 13220 12936 14016 13264 672.0 13656.9470601 13082.5219916 -44.0 14260.4881045 13363.6997884 -45.0
14221.8384902 13386.7477235 331.0 14773.5525208 13768.6166416 332.0 14497.6955055 13577.6821826 331.499651269 14016 13264 14452 13524 672.0 14260.4881045 13363.6997884 -45.0 14810.1629935 13740.7657298 -46.0
14773.5525208 13768.6166416 332.0 15359.6081736 14044.7362749 333.0 15066.5803472 13906.6764582 332.488782571 14452 13524 15104 14020 672.0 14810.1629935 13740.7657298 -46.0 15406.3896242 14040.2090377 -47.0
15359.6081736 14044.7362749 333.0 16028.1194251 14095.5820862 334.0 15693.8637993 14070.1591806 333.499995072 15104 14020 15972 14104 672.0 15406.3896242 14040.2090377 -47.0 15982.6283528 14088.7584254 -46.0
16028.1194251 14095.5820862 334.0 16384.3703714 13613.5851829 335.0 16206.2448982 13854.5836346 334.522813447 15972 14104 16376 13632 672.0 15982.6283528 14088.7584254 -46.0 16365.7492389 13572.6186914 -45.0
16384.3703714 13613.5851829 335.0 16678.6787468 13010.2087352 336.0 16531.5245591 13311.896959 335.500073546 16376 13632 16565 13211 671.9999999999999 16365.7492389 13572.6186914 -45.0 16657.0010582 12971.9193396 -44.0
16678.6787468 13010.2087352 336.0 16959.1603952 12461.0 337.0 16818.919571 12735.6043676 336.499884397 16565 13211 16911 12461 672.0 16657.0010582 12971.9193396 -44.0 16959.1603952 12416.0 -45.0
16959.1603952 12461.0 337.0 17351.8911228 11899.7113496 339.0 17155.525759 12180.3556748 337.88588025 16911 12461 17342 11908 672.0 16959.1603952 12416.0 -45.0 17316.6338014 11870.1661082 -46.0
17727.6263903 11515.5880536 340.0 17398.2848986 11217.830072 341.0 17562.9556445 11366.7090628 340.498125621 17768 11607 17584 11395 448.0 17745.8070889 11556.7518994 -45.0 17431.5685237 11249.5822419 -46.0
17398.2848986 11217.830072 341.0 17085.5033358 10902.6407902 342.0 17241.8941172 11060.2354311 341.499669058 17584 11395 17147 10999 448.0 17431.5685237 11249.5822419 -46.0 17110.7883101 10942.2598522 -47.0
17085.5033358 10902.6407902 342.0 16847.6121624 10523.2243249 343.0 16966.5577491 10712.9325575 342.500023232 17147 10999 16863 10554 448.0 17110.7883101 10942.2598522 -47.0 16868.1839878 10564.3679757 -46.0
16925.7013133 10419.520042 344.0 17037.0142338 10348.5733455 345.0 16981.3577736 10384.0466938 344.5 16892 10441 16892 10441 132.0 16887.7537268 10395.3336682 -45.0 16998.2233676 10323.8494967 -46.0
17037.0142338 10348.5733455 345.0 17157.0637405 10295.5182217 346.0 17097.0389871 10322.0457836 345.50155221 16892 10441 17074 10325 132.0 16998.2233676 10323.8494967 -46.0 17112.770905 10279.7973843 -47.0
17157.0637405 10295.5182217 346.0 17281.46064 10251.3660827 347.0 17219.2621903 10273.4421522 346.5 17074 10325 17074 10325 132.0 17112.770905 10279.7973843 -47.0 17236.2254038 10235.3107594 -48.0
17281.46064 10251.3660827 347.0 17405.8575396 10207.2139437 348.0 17343.6590898 10229.2900132 347.5 17074 10325 17074 10325 132.0 17236.2254038 10235.3107594 -48.0 17361.5647042 10191.4931063 -47.0
17405.8575396 10207.2139437 348.0 17498.2767206 10116.8735651 349.0 17452.0671301 10162.0437544 348.495579693 17074 10325 17429 10199 132.0 17361.5647042 10191.4931063 -47.0 17468.6170239 10081.712473 -46.0
17498.2767206 10116.8735651 349.0 17564.4302756 10006.2788977 350.0 17531.3534981 10061.5762314 349.503692629 17429 10199 17553 10052 132.0 17468.6170239 10081.712473 -46.0 17553.5161724 9962.62248522 -45.0
17564.4302756 10006.2788977 350.0 17627.1658056 9890.22484632 351.0 17595.7980406 9948.25187203 350.499977945 17553 10052 17565 10004 132.0 17553.5161724 9962.62248522 -45.0 17606.0684275 9851.61266381 -44.0
17627.1658056 9890.22484632 351.0 17680.1151977 9770.45612745 352.0 17653.6405017 9830.34048689 351.499746472 17565 10004 17671 9810 132.0 17606.0684275 9851.61266381 -44.0 17670.0073763 9726.60601974 -45.0
17680.1151977 9770.45612745 352.0 17709.7648073 9641.82914485 353.0 17694.9400025 9706.14263615 352.5 17671 9810 17671 9810 132.0 17670.0073763 9726.60601974 -45.0 17699.4323676 9597.0045903 -46.0
17709.7648073 9641.82914485 353.0 17739.3166164 9513.18238729 354.0 17724.5407118 9577.50576607 353.500001411 17671 9810 17739 9515 132.0 17699.4323676 9597.0045903 -46.0 17731.5941934 9468.84995916 -45.0
17739.3166164 9513.18238729 354.0 17761.9690571 9383.14059812 355.0 17750.6428368 9448.1614927 354.5 17739 9515 17739 9515 132.0 17731.5941934 9468.84995916 -45.0 17754.4182435 9339.79333506 -44.0
17761.9690571 9383.14059812 355.0 17743.3475593 9490.04178917 356.0 17752.6583082 9436.59119364 355.521871281 17739 9515 17766 9360 132.0 17754.4182435 9339.79333506 -44.0 17735.9683551 9532.40388716 -43.0
17743.3475593 9490.04178917 356.0 17715.0408782 9618.94030788 358.0 17729.1942187 9554.49104852 356.922445331 17766 9360 17739 9515 132.0 17735.9683551 9532.40388716 -43.0 17705.6069115 9659.86707507 -42.0
17715.0408782 9618.94030788 358.0 17685.3912686 9747.56729048 359.0 17700.2160734 9683.25379918 358.5 17739 9515 17739 9515 132.0 17705.6069115 9659.86707507 -42.0 17675.7326837 9789.46850451 -43.0
17685.3912686 9747.56729048 359.0 17638.4284763 9869.612034 360.0 17661.9098725 9808.58966224 359.5008192 17739 9515 17671 9810 132.0 17675.7326837 9789.46850451 -43.0 17618.2900699 9906.46911731 -42.0
17638.4284763 9869.612034 360.0 17575.136342 9985.44858154 361.0 17606.7824092 9927.53030777 360.5 17671 9810 17671 9810 132.0 17618.2900699 9906.46911731 -42.0 17555.4774216 10021.4281152 -41.0
17575.136342 9985.44858154 361.0 17513.421901 10098.9191981 362.0 17544.2791215 10042.1838898 361.501365572 17671 9810 17553 10052 132.0 17555.4774216 10021.4281152 -41.0 17487.6308604 10129.4940607 -40.0
17513.421901 10098.9191981 362.0 17429.6808355 10199.8226762 363.0 17471.5513682 10149.3709371 362.49996344 17553 10052 17429 10199 132.0 17487.6308604 10129.4940607 -40.0 17455.8211118 10168.2365091 -41.0
17429.6808355 10199.8226762 363.0 17524.6120384 10289.1827098 364.0 17477.1464369 10244.502693 363.503941104 17429 10199 17516 10286 132.0 17455.8211118 10168.2365091 -41.0 17562.1318183 10275.3167042 -40.0
17524.6120384 10289.1827098 364.0 17632.0988565 10355.7327872 365.0 17578.3554474 10322.4577485 364.507598654 17516 10286 17608 10320 132.0 17562.1318183 10275.3167042 -40.0 17655.0236649 10321.7408299 -41.0
17632.0988565 10355.7327872 365.0 17661.0817096 10483.8586732 366.0 17646.590283 10419.7957302 365.499732156 17608 10320 17637 10363 132.0 17655.0236649 10321.7408299 -41.0 17669.2890834 10442.668395 -42.0
17661.0817096 10483.8586732 366.0 17686.8763131 10613.3138331 367.0 17673.9790113 10548.5862531 366.5 17637 10363 17637 10363 132.0 17669.2890834 10442.668395 -42.0 17694.8882733 10573.1042758 -41.0
17686.8763131 10613.3138331 367.0 17712.6709167 10742.768993 368.0 17699.7736149 10678.041413 367.5 17637 10363 17637 10363 132.0 17694.8882733 10573.1042758 -41.0 17720.8782905 10701.5787148 -42.0
17712.6709167 10742.768993 368.0 17738.4655202 10872.2241529 369.0 17725.5682184 10807.4965729 368.5 17637 10363 17637 10363 132.0 17720.8782905 10701.5787148 -42.0 17746.4774804 10832.0145957 -41.0
17580.5336627 11203.737544 370.0 17766.0304279 11602.5405914 371.0 17673.2820453 11403.1390677 370.495041939 17603 11112 17715 11487 448.0 17571.0189135 11242.5894365 -40.0 17781.7870333 11566.8652584 -39.0
17274.1361819 12018.5039162 372.0 16864.2644395 12500.8006039 373.0 17069.2003107 12259.6522601 372.496958647 17342 11908 16873 12481 672.0 17254.2499446 12050.885046 -38.0 16848.5224714 12536.4823982 -39.0
16864.2644395 12500.8006039 373.0 16623.1325447 13108.3202336 374.0 16743.6984921 12804.5604187 373.503661419 16873 12481 16749 12886 671.9999999999999 16848.5224714 12536.4823982 -39.0 16603.4255551 13143.128775 -40.0
16623.1325447 13108.3202336 374.0 16343.8480218 13718.7496771 375.0 16483.4902832 13413.5349553 374.500065221 16749 12886 16376 13632 672.0 16603.4255551 13143.128775 -40.0 16330.2944334 13755.318793 -39.0
16343.8480218 13718.7496771 375.0 16100.3379082 14345.0242735 376.0 16222.092965 14031.8869753 375.500026133 16376 13632 16212 14068 672.0 16330.2944334 13755.318793 -39.0 16085.383926 14382.1238478 -40.0
16252.4639712 14607.6439516 377.0 16401.6958466 14816.6313803 378.0 16327.0799089 14712.1376659 377.51119634 16239 14585 16365 14837 298.0 16273.4180623 14572.4029802 -41.0 16366.7222907 14797.2187457 -40.0
16401.6958466 14816.6313803 378.0 16660.8556065 14669.5966288 379.0 16531.2757266 14743.1140045 378.500022907 16365 14837 16592 14711 298.0 16366.7222907 14797.2187457 -40.0 16625.7186763 14648.46854 -41.0
16660.8556065 14669.5966288 379.0 16814.8361149 14433.4409157 380.0 16737.8458607 14551.5187722 379.501003455 16592 14711 16775 14571 298.0 16625.7186763 14648.46854 -41.0 16803.1532434 14393.0984999 -42.0
16814.8361149 14433.4409157 380.0 16959.8115412 14270.586623 381.0 16887.323828 14352.0137694 380.434409013 16775 14571 16869 14239 298.0 16803.1532434 14393.0984999 -42.0 16998.5359098 14257.1172774 -41.0
16959.8115412 14270.586623 381.0 16835.5073073 14362.0607046 383.0 16897.6594242 14316.3236638 381.898259122 16869 14239 16839 14350 298.0 16998.5359098 14257.1172774 -41.0 16824.3807629 14400.482053 -40.0
16835.5073073 14362.0607046 383.0 16724.541783 14631.3016729 384.0 16780.0245452 14496.6811888 383.498318059 16839 14350 16745 14619 298.0 16824.3807629 14400.482053 -40.0 16691.1188494 14651.3991232 -39.0
16724.541783 14631.3016729 384.0 16466.6706566 14780.5660673 385.0 16595.6062198 14705.9338701 384.500013484 16745 14619 16592 14711 298.0 16691.1188494 14651.3991232 -39.0 16431.6971006 14799.9787019 -40.0
16466.6706566 14780.5660673 385.0 16290.4435539 14671.5187043 386.0 16378.5571052 14726.0423858 385.547791891 16592 14711 16305 14696 298.0 16431.6971006 14799.9787019 -40.0 16310.3754942 14705.0406039 -39.0
16290.4435539 14671.5187043 386.0 16114.7919773 14431.6972643 387.0 16202.6177656 14551.6079843 386.499773702 16305 14696 16143 14464 298.0 16310.3754942 14705.0406039 -39.0 16141.1021055 14461.8266047 -40.0
16008.5365918 14098.5195112 388.0 15339.8983376 14042.8288714 389.0 15674.2174647 14070.6741913 388.500229796 16212 14068 15972 14104 672.0 15969.968074 14104.3047889 -39.0 15379.7123381 14046.6818392 -40.0
15339.8983376 14042.8288714 389.0 14757.7925761 13756.6274812 390.0 15048.8454568 13899.7281763 389.499685033 15972 14104 15104 14020 672.0 15379.7123381 14046.6818392 -40.0 14790.4236496 13781.4511199 -41.0
14757.7925761 13756.6274812 390.0 14204.8310155 13376.6056514 391.0 14481.3117958 13566.6165663 390.499915438 15104 14020 14452 13524 672.0 14790.4236496 13781.4511199 -41.0 14240.9039888 13398.1170576 -42.0
14204.8310155 13376.6056514 391.0 13597.956968 13091.7410622 392.0 13901.3939917 13234.1733568 391.499652531 14452 13524 14016 13264 672.0 14240.9039888 13398.1170576 -42.0 13637.7139874 13108.1233516 -43.0
13597.956968 13091.7410622 392.0 13114.3159964 13177.0643389 393.0 13356.1364822 13134.4027005 392.45077789 14016 13264 13220 12936 672.0 13637.7139874 13108.1233516 -43.0 13097.4523656 13215.5301413 -42.0
12443.8946564 13465.5705246 395.0 12220.0764991 13346.7177635 396.0 12331.9855777 13406.144144 395.490605269 12492 13426 12244 13321 298.0 12413.0030694 13490.9813462 -40.0 12193.5134453 13375.2730463 -39.0
12220.0764991 13346.7177635 396.0 12331.30063 13379.9950373 398.0 12275.6885646 13363.3564004 397.002258728 12244 13321 12300 13358 298.0 12193.5134453 13375.2730463 -39.0 12364.0282979 13356.9972166 -40.0
13078.3048588 14446.9413152 402.0 13236.5017678 14677.7491161 403.0 13157.4033133 14562.3452156 402.505567816 12965 14339 13222 14685 298.0 13108.7143724 14417.9713052 -42.0 13198.0413986 14658.5189315 -43.0
13236.5017678 14677.7491161 403.0 13532.6027613 14663.7458523 404.0 13384.5522646 14670.7474842 403.49891213 13222 14685 13252 14670 298.0 13198.0413986 14658.5189315 -43.0 13488.6136861 14662.7654123 -44.0
13532.6027613 14663.7458523 404.0 13830.5287706 14657.1055995 405.0 13681.565766 14660.4257259 404.5 13252 14670 13252 14670 298.0 13488.6136861 14662.7654123 -44.0 13787.5394471 14656.1474422 -43.0
13830.5287706 14657.1055995 405.0 13919.6744955 14858.27721 406.0 13875.101633 14757.6914047 405.465717 13252 14670 13927 14681 298.0 13787.5394471 14656.1474422 -43.0 13917.857864 14902.2396923 -44.0
13919.6744955 14858.27721 406.0 14147.4146235 14949.9356989 407.0 14033.5445595 14904.1064545 406.547192247 13927 14681 14080 14953 298.0 13917.857864 14902.2396923 -44.0 14104.4589763 14947.9831695 -43.0
14147.4146235 14949.9356989 407.0 14169.8349449 15226.139644 408.0 14158.6247842 15088.0376715 407.506887538 14080 14953 14168 15181 298.0 14104.4589763 14947.9831695 -43.0 14171.6220868 15182.1759531 -44.0
14169.8349449 15226.139644 408.0 14391.9126048 15325.4938343 409.0 14280.8737748 15275.8167392 408.540387301 14168 15181 14366 15322 298.0 14171.6220868 15182.1759531 -44.0 14436.5090594 15319.4808292 -45.0
14391.9126048 15325.4938343 409.0 14611.7799774 15447.6999009 410.0 14501.8462911 15386.5968676 409.500560752 14366 15322 14590 15352 298.0 14436.5090594 15319.4808292 -45.0 14621.9879177 15402.8468302 -46.0
14611.7799774 15447.6999009 410.0 14698.1756391 15731.214066 411.0 14654.9778083 15589.4569835 410.499636629 14590 15352 14676 15688 298.0 14621.9879177 15402.8468302 -46.0 14719.6336911 15689.3983751 -47.0
15255.1504043 15364.2357739 413.0 15798.3849846 14970.417229 414.0 15526.7676945 15167.3265015 413.500315875 15243 15373 15733 15033 672.0000000000001 15216.2209799 15336.1555333 -48.0 15762.9865179 14936.5358395 -49.0
15798.3849846 14970.417229 414.0 16089.4140283 14372.1255022 415.0 15943.8995065 14671.2713656 414.498860405 15733 15033 16081 14393 672.0 15762.9865179 14936.5358395 -49.0 16070.7215505 14325.7510343 -50.0
16089.4140283 14372.1255022 415.0 15871.0584287 14094.2314608 416.0 15980.2362285 14233.1784815 415.56419981 16081 14393 15972 14104 672.0 16070.7215505 14325.7510343 -50.0 15919.8305793 14098.9513464 -49.0
15871.0584287 14094.2314608 416.0 15202.1832195 14029.5016019 417.0 15536.6208241 14061.8665314 416.5 15972 14104 15972 14104 672.0 15919.8305793 14098.9513464 -49.0 15249.9600202 14034.1251632 -48.0
15202.1832195 14029.5016019 417.0 14647.6758484 13672.8577006 418.0 14924.929534 13851.1796513 417.505973674 15972 14104 15104 14020 672.0 15249.9600202 14034.1251632 -48.0 14686.6739607 13702.5249762 -49.0
14647.6758484 13672.8577006 418.0 14085.9976375 13305.7417105 419.0 14366.836743 13489.2997055 418.499773953 15104 14020 14452 13524 672.0 14686.6739607 13702.5249762 -49.0 14127.2238928 13330.3261746 -48.0
14085.9976375 13305.7417105 419.0 13470.0332261 13039.0287665 420.0 13778.0154318 13172.3852385 419.500056062 14452 13524 14016 13264 672.0 14127.2238928 13330.3261746 -48.0 13513.4885729 13056.9349899 -47.0
13470.0332261 13039.0287665 420.0 13367.1858228 12562.3744498 421.0 13418.6095245 12800.7016082 420.522997725 14016 13264 13220 12936 672.0 13513.4885729 13056.9349899 -47.0 13349.5926459 12517.714847 -48.0
13367.1858228 12562.3744498 421.0 13639.3292999 11948.8224334 422.0 13503.2575614 12255.5984416 421.500337856 13220 12936 13536 12144 672.0 13349.5926459 12517.714847 -48.0 13617.3385771 11907.2844014 -47.0
13639.3292999 11948.8224334 422.0 14256.5104239 10948.131546 424.0 13947.9198619 11448.4769897 422.963648852 13536 12144 14229 10990 672.0 13617.3385771 11907.2844014 -47.0 14230.1519809 10908.016306 -48.0
14588.7617864 10652.5213436 425.0 14864.549993 10765.4145015 426.0 14726.6558897 10708.9679226 425.5 14480 10608 14480 10608 298.0 14632.258584 10634.7160469 -47.0 14907.1213269 10747.9880409 -46.0
14864.549993 10765.4145015 426.0 15140.3381996 10878.3076594 427.0 15002.4440963 10821.8610805 426.5 14480 10608 14480 10608 298.0 14907.1213269 10747.9880409 -46.0 15183.8349972 10860.5023627 -47.0
15140.3381996 10878.3076594 427.0 15416.1264062 10991.2008173 428.0 15278.2323029 10934.7542384 427.5 14480 10608 14480 10608 298.0 15183.8349972 10860.5023627 -47.0 15458.6977401 10973.7743567 -46.0
15416.1264062 10991.2008173 428.0 15691.9146128 11104.0939752 429.0 15554.0205095 11047.6473963 428.5 14480 10608 14480 10608 298.0 15458.6977401 10973.7743567 -46.0 15735.4114104 11086.2886785 -47.0
15813.2163876 11300.9619463 430.0 15940.9901019 11304.8582699 431.0 15877.1032448 11302.9101081 430.497038837 15779 11295 15911 11318 132.0 15860.5039202 11292.722452 -48.0 15897.9418157 11285.9944142 -47.0
15940.9901019 11304.8582699 431.0 16061.8916717 11251.8789304 432.0 16001.4408868 11278.3686002 431.5 15911 11318 15911 11318 132.0 15897.9418157 11285.9944142 -47.0 16019.7593065 11233.4164332 -46.0
16061.8916717 11251.8789304 432.0 16060.1970068 11141.7309643 433.0 16061.0443393 11196.8049474 432.494689676 15911 11318 16089 11240 132.0 16019.7593065 11233.4164332 -46.0 16072.8541764 11184.9142488 -45.0
16060.1970068 11141.7309643 433.0 16023.0693093 11015.0599965 434.0 16041.6331581 11078.3954804 433.5 16089 11240 16089 11240 132.0 16072.8541764 11184.9142488 -45.0 16036.0077494 11059.2029096 -46.0
16023.0693093 11015.0599965 434.0 15938.8671748 10914.2446052 435.0 15980.9682421 10964.6523009 434.498908454 16089 11240 16021 11008 132.0 16036.0077494 11059.2029096 -46.0 15969.837571 10949.5976046 -47.0
15938.8671748 10914.2446052 435.0 15880.5162162 10797.9748223 436.0 15909.6916955 10856.1097138 435.500870911 16021 11008 15895 10846 132.0 15969.837571 10949.5976046 -47.0 15893.7983388 10842.0155446 -46.0
15880.5162162 10797.9748223 436.0 15928.5606091 10902.4795632 438.0 15904.5384127 10850.2271927 437.134590394 15895 10846 15915 10887 132.0 15893.7983388 10842.0155446 -46.0 15959.5310052 10867.1265638 -47.0
15928.5606091 10902.4795632 438.0 16015.5412961 11001.768838 439.0 15972.0509526 10952.1242006 438.5 15915 10887 15915 10887 132.0 15959.5310052 10867.1265638 -47.0 16047.1706368 10965.6636471 -48.0
16015.5412961 11001.768838 439.0 16055.7976502 11126.7213949 440.0 16035.6694732 11064.2451165 439.499727262 15915 10887 16021 11008 132.0 16047.1706368 10965.6636471 -48.0 16069.5799016 11079.6995963 -49.0
16055.7976502 11126.7213949 440.0 16076.2176103 11245.6012719 441.0 16066.0076303 11186.1613334 440.51659161 16021 11008 16089 11240 132.0 16069.5799016 11079.6995963 -49.0 16030.4215611 11265.6692036 -50.0
16076.2176103 11245.6012719 441.0 15955.3160405 11298.5806115 442.0 16015.7668254 11272.0909417 441.5 16089 11240 16089 11240 132.0 16030.4215611 11265.6692036 -50.0 15910.4359123 11318.2471845 -49.0
15955.3160405 11298.5806115 442.0 15828.625247 11303.6468233 443.0 15891.9706437 11301.1137174 442.49818715 16089 11240 15911 11318 132.0 15910.4359123 11318.2471845 -49.0 15875.9127795 11311.8863176 -48.0
15722.1968785 11119.6938146 444.0 15448.8052614 11004.5778185 445.0 15585.50107 11062.1358166 444.500061113 15779 11295 15721 11116 298.0 15737.3008714 11166.3078618 -49.0 15493.2275229 11022.7619514 -48.0
15448.8052614 11004.5778185 445.0 15173.0170548 10891.6846606 446.0 15310.9111581 10948.1312396 445.5 15721 11116 15721 11116 298.0 15493.2275229 11022.7619514 -48.0 15216.5138525 10909.4899574 -47.0
15173.0170548 10891.6846606 446.0 14897.2288482 10778.7915027 447.0 15035.1229515 10835.2380817 446.5 15721 11116 15721 11116 298.0 15216.5138525 10909.4899574 -47.0 14941.6511097 10796.9756356 -48.0
14897.2288482 10778.7915027 447.0 14621.4406416 10665.8983448 448.0 14759.3347449 10722.3449238 447.5 15721 11116 15721 11116 298.0 14941.6511097 10796.9756356 -48.0 14664.9374393 10683.7036416 -47.0
14300.2363417 10881.5845318 449.0 13910.0891711 11428.3045913 450.0 14105.1627564 11154.9445615 449.50012688 14480 10608 14045 11256 672.0 14273.8778987 10921.6997718 -48.0 13881.1141915 11465.3106794 -47.0
13910.0891711 11428.3045913 450.0 13600.3035669 12022.5377069 451.0 13755.196369 11725.4211491 450.500890613 14045 11256 13752 11736 672.0 13881.1141915 11465.3106794 -47.0 13578.7807318 12063.1919511 -46.0
13600.3035669 12022.5377069 451.0 13336.6146251 12639.9782594 452.0 13468.459096 12331.2579831 451.499928994 13752 11736 13428 12408 672.0 13578.7807318 12063.1919511 -46.0 13319.3879727 12683.7074538 -47.0
13336.6146251 12639.9782594 452.0 12881.8074871 12833.3843483 453.0 13109.2110561 12736.6813038 452.452928318 13428 12408 13072 12900 672.0 13319.3879727 12683.7074538 -47.0 12925.2215347 12848.5902837 -46.0
12234.5844737 12654.2393519 454.0 11312.0330774 13054.0179197 455.0 11773.3087755 12854.1286358 454.500414452 12284 12624 11396 13028 1009.0 12194.4950255 12678.7717008 -47.0 11268.0940905 13067.632817 -46.0
10452.2662717 13190.9305383 456.0 10075.7809304 12637.634884 457.0 10264.0236011 12914.2827112 456.499045624 10544 13292 10277 12973 672.0 10482.5098946 13224.252052 -45.0 10098.4187436 12675.3645727 -44.0
10075.7809304 12637.634884 457.0 9730.03978276 12061.3996379 458.0 9902.91035658 12349.517261 457.5 10277 12973 9935 12403 672.0 10098.4187436 12675.3645727 -44.0 9753.19209176 12099.9868196 -45.0
9730.03978276 12061.3996379 458.0 9384.16097346 11485.247844 459.0 9557.10037811 11773.323741 458.50000015 9935 12403 9463 11616 672.0 9753.19209176 12099.9868196 -45.0 9406.88089281 11522.9281474 -44.0
9031.68518049 11050.251465 460.0 8653.49531348 11290.4096892 461.0 8842.59024699 11170.3305771 460.499999931 9097 11009 8878 11148 448.00000000000006 8993.63817986 11074.2811496 -45.0 8616.33999499 11313.9783614 -44.0
8500.20041175 11387.4135328 464.0 8878.61443582 11147.6079314 465.0 8689.40742379 11267.5107321 464.499999975 8436 11428 8878 11148 448.0 8464.69957751 11364.9704767 -42.0 8842.36544994 11124.4776261 -43.0
9208.29420596 10950.0441504 466.0 9471.57853965 10810.4563669 467.0 9339.93637281 10880.2502586 466.49999945 9097 11009 9467 10813 298.0 9169.4126511 10929.4474348 -44.0 9433.98977678 10789.5737208 -43.0
9471.57853965 10810.4563669 467.0 9734.27024236 10669.7583615 468.0 9602.92439101 10740.1073642 467.49999912 9467 10813 9485 10803 298.0 9433.98977678 10789.5737208 -43.0 9695.4659603 10649.0164307 -44.0
9734.27024236 10669.7583615 468.0 9860.59700826 10457.5735017 469.0 9797.43362531 10563.6659316 468.538846207 9485 10803 9876 10594 298.0 9695.4659603 10649.0164307 -44.0 9865.64557791 10502.2894043 -45.0
9860.59700826 10457.5735017 469.0 9826.3557147 10161.5488485 470.0 9843.47636148 10309.5611751 469.499999886 9876 10594 9841 10284 298.0 9865.64557791 10502.2894043 -45.0 9831.81806315 10207.2233791 -46.0
9826.3557147 10161.5488485 470.0 9791.08134257 9865.64416355 471.0 9808.71852863 10013.596506 470.499999936 9841 10284 9794 9891 298.0 9831.81806315 10207.2233791 -46.0 9796.45592552 9912.33585294 -47.0
9791.08134257 9865.64416355 471.0 9743.94212831 9571.58523703 472.0 9767.51173544 9718.61470029 471.500068227 9794 9891 9746 9581 298.0 9796.45592552 9912.33585294 -47.0 9753.76486104 9616.52423926 -46.0
9743.94212831 9571.58523703 472.0 9680.78644123 9280.35932369 473.0 9712.36428477 9425.97228036 472.499999797 9746 9581 9681 9281 298.0 9753.76486104 9616.52423926 -46.0 9695.0166907 9323.05007211 -45.0
9680.78644123 9280.35932369 473.0 9565.06842684 8827.8093133 475.0 9622.92743404 9054.0843185 473.975139571 9681 9281 9606 8820 298.0 9695.0166907 9323.05007211 -45.0 9521.84802069 8836.05531184 -44.0
9565.06842684 8827.8093133 475.0 9270.07183842 8862.0 476.0 9417.57013263 8844.90465665 475.499287642 9606 8820 9370 8862 298.0 9521.84802069 8836.05531184 -44.0 9270.07183842 8907.0 -45.0
9270.07183842 8862.0 476.0 8972.96447886 8840.14629738 477.0 9121.51815864 8851.07314869 476.499991094 9370 8862 9128 8855 298.0 9270.07183842 8907.0 -45.0 9016.76391516 8844.34265055 -44.0
8632.23651001 9116.03553674 478.0 8319.0933082 9429.43625994 479.0 8475.66490911 9272.73589834 478.499468088 8951 8848 8422 9345 448.00000000000006 8597.79438694 9144.99654775 -45.0 8283.53193316 9458.61482407 -46.0
8267.90570994 9793.69939819 480.0 8680.89628074 10321.6414902 481.0 8474.40099534 10057.6704442 480.499957729 8192 9703 8623 10218 672.0 8298.07003401 9757.65618033 -47.0 8703.32985557 10281.4826217 -46.0
8680.89628074 10321.6414902 481.0 9029.49341568 10895.9045535 482.0 8855.19484821 10608.7730219 481.500034308 8623 10218 9020 10880 672.0 8703.32985557 10281.4826217 -46.0 9053.58263932 10855.5472828 -47.0
9029.49341568 10895.9045535 482.0 9375.98473686 11471.6878013 483.0 9202.73907627 11183.7961774 482.500000152 9020 10880 9097 11009 672.0 9053.58263932 10855.5472828 -47.0 9400.77010342 11430.5820158 -48.0
9375.98473686 11471.6878013 483.0 9721.89309375 12047.8218229 484.0 9548.9389153 11759.7548121 483.499999979 9097 11009 9659 11943 672.0 9400.77010342 11430.5820158 -48.0 9747.10338577 12005.8046696 -49.0
9721.89309375 12047.8218229 484.0 10067.6342414 12624.057069 485.0 9894.76366758 12335.939446 484.5 9659 11943 9989 12493 672.0 9747.10338577 12005.8046696 -49.0 10092.3300377 12582.8974086 -48.0
10067.6342414 12624.057069 485.0 10441.6243357 13179.2055734 486.0 10254.6292886 12901.6313212 485.499708653 9989 12493 10318 13043 672.0 10092.3300377 12582.8974086 -48.0 10473.2121196 13144.4031036 -47.0
9955.55752594 13804.4235899 487.0 9318.00631204 14577.947174 488.0 9636.78191899 14191.1853819 487.499785318 10544 13292 9708 14020 1009.0 9920.86712086 13834.6324593 -46.0 9291.07996975 14616.4695323 -47.0
9318.00631204 14577.947174 488.0 8762.3507762 15244.4131685 489.0 9040.17854412 14911.1801712 488.508821252 9708 14020 8948 15300 1009.0 9291.07996975 14616.4695323 -47.0 8806.41783054 15257.6076644 -46.0
8762.3507762 15244.4131685 489.0 7795.74951924 14954.9947688 490.0 8279.05014772 15099.7039686 489.5 8948 15300 8948 15300 1009.0 8806.41783054 15257.6076644 -46.0 7838.85859413 14967.9024279 -45.0
7795.74951924 14954.9947688 490.0 6848.85313276 14608.0721804 491.0 7322.301326 14781.5334746 490.500199367 8948 15300 7572 14888 1009.0 7838.85859413 14967.9024279 -45.0 6891.75126528 14624.6779091 -46.0
6848.85313276 14608.0721804 491.0 5884.48856129 14318.8372547 492.0 6366.67084703 14463.4547176 491.500369862 7572 14888 6456 14456 1009.0000000000001 6891.75126528 14624.6779091 -46.0 5928.24598988 14329.3390376 -45.0
5533.14151719 13748.1989107 493.0 5244.572215 13145.5329417 494.0 5388.8568661 13446.8659262 493.498677623 5756 14288 5268 13173 671.9999999999999 5549.93234494 13788.8691468 -44.0 5273.77481228 13179.7704696 -45.0
5244.572215 13145.5329417 494.0 5512.81150357 13698.9561655 496.0 5378.69185929 13422.2445536 494.852019752 5268 13173 5332 13261 672.0 5273.77481228 13179.7704696 -45.0 5529.60233132 13658.2859294 -44.0
5512.81150357 13698.9561655 496.0 5769.64779564 14319.9358418 497.0 5641.2296496 14009.4460036 496.500000381 5332 13261 5756 14288 672.0 5529.60233132 13658.2859294 -44.0 5787.33146991 14278.556044 -45.0
5868.29442989 14756.7278471 498.0 5570.30469089 14759.2007909 499.0 5719.29956039 14757.964319 498.5 5956 14756 5956 14756 298.0 5824.29594494 14757.0929797 -44.0 5527.30617151 14759.5576251 -43.0
5570.30469089 14759.2007909 499.0 5316.30983433 14885.7470458 500.0 5443.30726261 14822.4739184 499.497944091 5956 14756 5418 14804 298.0 5527.30617151 14759.5576251 -43.0 5282.01666724 14913.3147568 -44.0
